* parser
* action table
260 27 
261 28 
262 29 
270 30 
271 31 
286 32 
289 33 
290 34 
291 35 
292 36 
296 37 
297 38 
298 39 
299 40 
300 41 
301 42 
302 43 
303 44 
304 45 
305 46 
306 47 
307 48 
308 49 
309 50 
310 51 
311 52 
312 53 
313 54 
314 55 
315 56 
316 57 
317 58 
323 59 
324 60 
0 -4 
287 62 
262 63 
262 64 
262 65 
260 27 
261 28 
262 29 
296 37 
297 38 
298 39 
299 40 
300 41 
301 42 
302 43 
303 44 
304 45 
305 46 
306 47 
307 48 
308 49 
309 50 
310 51 
311 52 
312 53 
313 54 
314 55 
315 56 
316 57 
317 58 
260 27 
0 -102 
263 -102 
265 -102 
266 -102 
267 -102 
268 -102 
270 -102 
271 -102 
272 -102 
273 -102 
274 -102 
275 -102 
276 -102 
277 -102 
278 -102 
279 -102 
280 -102 
285 -102 
288 -102 
294 -102 
295 -102 
319 -102 
320 -102 
321 -102 
262 69 
264 70 
325 71 
270 -104 
271 -104 
272 -104 
273 -104 
274 -104 
275 -104 
260 27 
261 28 
262 29 
270 30 
271 31 
286 32 
289 33 
290 34 
291 35 
292 36 
296 37 
297 38 
298 39 
299 40 
300 41 
301 42 
302 43 
303 44 
304 45 
305 46 
306 47 
307 48 
308 49 
309 50 
310 51 
311 52 
312 53 
313 54 
314 55 
315 56 
316 57 
317 58 
323 59 
324 60 
0 -2 
0 0 
266 75 
267 76 
266 75 
267 76 
0 -45 
270 30 
271 31 
275 79 
272 81 
273 82 
0 -95 
263 -95 
265 -95 
266 -95 
267 -95 
268 -95 
270 -95 
271 -95 
275 -95 
276 -95 
277 -95 
278 -95 
279 -95 
280 -95 
285 -95 
288 -95 
294 -95 
295 -95 
319 -95 
320 -95 
321 -95 
274 83 
0 -98 
263 -98 
265 -98 
266 -98 
267 -98 
268 -98 
270 -98 
271 -98 
272 -98 
273 -98 
275 -98 
276 -98 
277 -98 
278 -98 
279 -98 
280 -98 
285 -98 
288 -98 
294 -98 
295 -98 
319 -98 
320 -98 
321 -98 
260 27 
261 28 
262 29 
270 30 
271 31 
296 37 
297 38 
298 39 
299 40 
300 41 
301 42 
302 43 
303 44 
304 45 
305 46 
306 47 
307 48 
308 49 
309 50 
310 51 
311 52 
312 53 
313 54 
314 55 
315 56 
316 57 
317 58 
260 27 
262 86 
260 27 
262 89 
262 90 
262 91 
262 92 
262 93 
266 75 
267 76 
260 27 
287 62 
293 104 
318 105 
322 106 
260 27 
261 28 
262 29 
270 30 
271 31 
296 37 
297 38 
298 39 
299 40 
300 41 
301 42 
302 43 
303 44 
304 45 
305 46 
306 47 
307 48 
308 49 
309 50 
310 51 
311 52 
312 53 
313 54 
314 55 
315 56 
316 57 
317 58 
260 27 
261 28 
262 29 
270 30 
271 31 
296 37 
297 38 
298 39 
299 40 
300 41 
301 42 
302 43 
303 44 
304 45 
305 46 
306 47 
307 48 
308 49 
309 50 
310 51 
311 52 
312 53 
313 54 
314 55 
315 56 
316 57 
317 58 
260 27 
261 28 
262 29 
270 30 
271 31 
296 37 
297 38 
298 39 
299 40 
300 41 
301 42 
302 43 
303 44 
304 45 
305 46 
306 47 
307 48 
308 49 
309 50 
310 51 
311 52 
312 53 
313 54 
314 55 
315 56 
316 57 
317 58 
262 69 
0 -104 
263 -104 
265 -104 
266 -104 
267 -104 
268 -104 
270 -104 
271 -104 
272 -104 
273 -104 
274 -104 
275 -104 
276 -104 
277 -104 
278 -104 
279 -104 
280 -104 
285 -104 
288 -104 
294 -104 
295 -104 
319 -104 
320 -104 
321 -104 
272 81 
273 82 
0 -97 
263 -97 
265 -97 
266 -97 
267 -97 
268 -97 
270 -97 
271 -97 
275 -97 
276 -97 
277 -97 
278 -97 
279 -97 
280 -97 
285 -97 
288 -97 
294 -97 
295 -97 
319 -97 
320 -97 
321 -97 
260 27 
261 28 
262 29 
270 30 
271 31 
296 37 
297 38 
298 39 
299 40 
300 41 
301 42 
302 43 
303 44 
304 45 
305 46 
306 47 
307 48 
308 49 
309 50 
310 51 
311 52 
312 53 
313 54 
314 55 
315 56 
316 57 
317 58 
260 27 
261 28 
262 29 
270 30 
271 31 
296 37 
297 38 
298 39 
299 40 
300 41 
301 42 
302 43 
303 44 
304 45 
305 46 
306 47 
307 48 
308 49 
309 50 
310 51 
311 52 
312 53 
313 54 
314 55 
315 56 
316 57 
317 58 
260 27 
260 27 
261 28 
262 29 
270 30 
271 31 
296 37 
297 38 
298 39 
299 40 
300 41 
301 42 
302 43 
303 44 
304 45 
305 46 
306 47 
307 48 
308 49 
309 50 
310 51 
311 52 
312 53 
313 54 
314 55 
315 56 
316 57 
317 58 
267 117 
0 -46 
260 -46 
261 -46 
262 -46 
270 -46 
271 -46 
286 -46 
287 -46 
288 -46 
289 -46 
290 -46 
291 -46 
292 -46 
293 -46 
296 -46 
297 -46 
298 -46 
299 -46 
300 -46 
301 -46 
302 -46 
303 -46 
304 -46 
305 -46 
306 -46 
307 -46 
308 -46 
309 -46 
310 -46 
311 -46 
312 -46 
313 -46 
314 -46 
315 -46 
316 -46 
317 -46 
318 -46 
322 -46 
323 -46 
324 -46 
260 27 
261 28 
262 29 
270 30 
271 31 
289 33 
290 34 
291 35 
292 36 
296 37 
297 38 
298 39 
299 40 
300 41 
301 42 
302 43 
303 44 
304 45 
305 46 
306 47 
307 48 
308 49 
309 50 
310 51 
311 52 
312 53 
313 54 
314 55 
315 56 
316 57 
317 58 
323 59 
324 60 
0 -44 
260 27 
261 28 
262 29 
296 37 
297 38 
298 39 
299 40 
300 41 
301 42 
302 43 
303 44 
304 45 
305 46 
306 47 
307 48 
308 49 
309 50 
310 51 
311 52 
312 53 
313 54 
314 55 
315 56 
316 57 
317 58 
268 120 
0 -72 
266 -72 
267 -72 
260 27 
261 28 
262 29 
296 37 
297 38 
298 39 
299 40 
300 41 
301 42 
302 43 
303 44 
304 45 
305 46 
306 47 
307 48 
308 49 
309 50 
310 51 
311 52 
312 53 
313 54 
314 55 
315 56 
316 57 
317 58 
260 27 
261 28 
262 29 
296 37 
297 38 
298 39 
299 40 
300 41 
301 42 
302 43 
303 44 
304 45 
305 46 
306 47 
307 48 
308 49 
309 50 
310 51 
311 52 
312 53 
313 54 
314 55 
315 56 
316 57 
317 58 
263 123 
270 30 
271 31 
262 125 
260 27 
261 28 
262 29 
270 30 
271 31 
296 37 
297 38 
298 39 
299 40 
300 41 
301 42 
302 43 
303 44 
304 45 
305 46 
306 47 
307 48 
308 49 
309 50 
310 51 
311 52 
312 53 
313 54 
314 55 
315 56 
316 57 
317 58 
265 127 
266 -127 
267 -127 
260 129 
296 130 
297 131 
298 132 
299 133 
301 134 
304 135 
305 136 
306 137 
307 138 
260 129 
296 130 
297 131 
298 132 
299 133 
301 134 
304 135 
305 136 
306 137 
307 138 
260 27 
261 28 
262 29 
270 30 
271 31 
296 37 
297 38 
298 39 
299 40 
300 41 
301 42 
302 43 
303 44 
304 45 
305 46 
306 47 
307 48 
308 49 
309 50 
310 51 
311 52 
312 53 
313 54 
314 55 
315 56 
316 57 
317 58 
260 27 
261 28 
262 29 
270 30 
271 31 
296 37 
297 38 
298 39 
299 40 
300 41 
301 42 
302 43 
303 44 
304 45 
305 46 
306 47 
307 48 
308 49 
309 50 
310 51 
311 52 
312 53 
313 54 
314 55 
315 56 
316 57 
317 58 
260 27 
261 28 
262 29 
270 30 
271 31 
296 37 
297 38 
298 39 
299 40 
300 41 
301 42 
302 43 
303 44 
304 45 
305 46 
306 47 
307 48 
308 49 
309 50 
310 51 
311 52 
312 53 
313 54 
314 55 
315 56 
316 57 
317 58 
264 70 
325 71 
288 143 
266 75 
267 76 
288 -11 
260 27 
261 28 
262 151 
270 30 
271 31 
283 152 
296 37 
297 38 
298 39 
299 40 
300 41 
301 42 
302 43 
303 44 
304 45 
305 46 
306 47 
307 48 
308 49 
309 50 
310 51 
311 52 
312 53 
313 54 
314 55 
315 56 
316 57 
317 58 
260 27 
260 27 
261 28 
262 151 
270 30 
271 31 
283 152 
296 37 
297 38 
298 39 
299 40 
300 41 
301 42 
302 43 
303 44 
304 45 
305 46 
306 47 
307 48 
308 49 
309 50 
310 51 
311 52 
312 53 
313 54 
314 55 
315 56 
316 57 
317 58 
268 155 
270 30 
271 31 
268 156 
270 30 
271 31 
263 157 
270 30 
271 31 
263 158 
265 159 
270 30 
271 31 
263 -125 
265 -125 
270 30 
271 31 
0 -59 
266 -59 
267 -59 
288 -59 
295 -59 
264 160 
266 75 
267 76 
270 30 
271 31 
275 162 
272 81 
273 82 
0 -96 
263 -96 
265 -96 
266 -96 
267 -96 
268 -96 
270 -96 
271 -96 
275 -96 
276 -96 
277 -96 
278 -96 
279 -96 
280 -96 
285 -96 
288 -96 
294 -96 
295 -96 
319 -96 
320 -96 
321 -96 
260 166 
261 28 
262 167 
263 168 
270 169 
271 170 
272 171 
301 172 
274 83 
0 -99 
263 -99 
265 -99 
266 -99 
267 -99 
268 -99 
270 -99 
271 -99 
272 -99 
273 -99 
275 -99 
276 -99 
277 -99 
278 -99 
279 -99 
280 -99 
285 -99 
288 -99 
294 -99 
295 -99 
319 -99 
320 -99 
321 -99 
266 173 
260 27 
265 175 
270 30 
271 31 
260 27 
262 177 
262 178 
265 179 
270 30 
271 31 
265 180 
270 30 
271 31 
265 181 
270 30 
271 31 
260 27 
287 62 
293 104 
318 105 
322 106 
288 -10 
284 183 
263 -30 
285 -30 
294 -30 
321 -30 
285 184 
294 -29 
321 -29 
294 185 
270 30 
271 31 
275 187 
276 188 
277 189 
278 190 
279 191 
280 192 
260 27 
261 28 
262 29 
270 30 
271 31 
283 152 
296 37 
297 38 
298 39 
299 40 
300 41 
301 42 
302 43 
303 44 
304 45 
305 46 
306 47 
307 48 
308 49 
309 50 
310 51 
311 52 
312 53 
313 54 
314 55 
315 56 
316 57 
317 58 
262 195 
264 196 
321 197 
260 27 
260 27 
260 27 
261 28 
262 29 
270 30 
271 31 
296 37 
297 38 
298 39 
299 40 
300 41 
301 42 
302 43 
303 44 
304 45 
305 46 
306 47 
307 48 
308 49 
309 50 
310 51 
311 52 
312 53 
313 54 
314 55 
315 56 
316 57 
317 58 
260 27 
261 28 
262 29 
270 30 
271 31 
296 37 
297 38 
298 39 
299 40 
300 41 
301 42 
302 43 
303 44 
304 45 
305 46 
306 47 
307 48 
308 49 
309 50 
310 51 
311 52 
312 53 
313 54 
314 55 
315 56 
316 57 
317 58 
327 203 
260 27 
261 28 
262 29 
270 30 
271 31 
288 205 
296 37 
297 38 
298 39 
299 40 
300 41 
301 42 
302 43 
303 44 
304 45 
305 46 
306 47 
307 48 
308 49 
309 50 
310 51 
311 52 
312 53 
313 54 
314 55 
315 56 
316 57 
317 58 
260 27 
261 28 
262 29 
270 30 
271 31 
296 37 
297 38 
298 39 
299 40 
300 41 
301 42 
302 43 
303 44 
304 45 
305 46 
306 47 
307 48 
308 49 
309 50 
310 51 
311 52 
312 53 
313 54 
314 55 
315 56 
316 57 
317 58 
260 166 
261 28 
262 167 
263 168 
269 208 
270 169 
271 170 
272 171 
301 172 
263 209 
265 127 
260 27 
260 27 
261 28 
262 29 
270 30 
271 31 
296 37 
297 38 
298 39 
299 40 
300 41 
301 42 
302 43 
303 44 
304 45 
305 46 
306 47 
307 48 
308 49 
309 50 
310 51 
311 52 
312 53 
313 54 
314 55 
315 56 
316 57 
317 58 
260 27 
261 28 
262 29 
270 30 
271 31 
296 37 
297 38 
298 39 
299 40 
300 41 
301 42 
302 43 
303 44 
304 45 
305 46 
306 47 
307 48 
308 49 
309 50 
310 51 
311 52 
312 53 
313 54 
314 55 
315 56 
316 57 
317 58 
260 27 
261 28 
262 29 
270 30 
271 31 
296 37 
297 38 
298 39 
299 40 
300 41 
301 42 
302 43 
303 44 
304 45 
305 46 
306 47 
307 48 
308 49 
309 50 
310 51 
311 52 
312 53 
313 54 
314 55 
315 56 
316 57 
317 58 
260 27 
261 28 
262 29 
270 30 
271 31 
296 37 
297 38 
298 39 
299 40 
300 41 
301 42 
302 43 
303 44 
304 45 
305 46 
306 47 
307 48 
308 49 
309 50 
310 51 
311 52 
312 53 
313 54 
314 55 
315 56 
316 57 
317 58 
260 27 
261 28 
262 29 
270 30 
271 31 
296 37 
297 38 
298 39 
299 40 
300 41 
301 42 
302 43 
303 44 
304 45 
305 46 
306 47 
307 48 
308 49 
309 50 
310 51 
311 52 
312 53 
313 54 
314 55 
315 56 
316 57 
317 58 
262 217 
262 217 
260 27 
287 62 
293 104 
318 105 
322 106 
260 27 
261 28 
262 29 
270 30 
271 31 
296 37 
297 38 
298 39 
299 40 
300 41 
301 42 
302 43 
303 44 
304 45 
305 46 
306 47 
307 48 
308 49 
309 50 
310 51 
311 52 
312 53 
313 54 
314 55 
315 56 
316 57 
317 58 
263 221 
263 123 
270 30 
271 31 
275 187 
276 188 
277 189 
278 190 
279 191 
280 192 
260 27 
261 28 
262 151 
270 30 
271 31 
283 152 
296 37 
297 38 
298 39 
299 40 
300 41 
301 42 
302 43 
303 44 
304 45 
305 46 
306 47 
307 48 
308 49 
309 50 
310 51 
311 52 
312 53 
313 54 
314 55 
315 56 
316 57 
317 58 
260 27 
261 28 
262 29 
270 30 
271 31 
296 37 
297 38 
298 39 
299 40 
300 41 
301 42 
302 43 
303 44 
304 45 
305 46 
306 47 
307 48 
308 49 
309 50 
310 51 
311 52 
312 53 
313 54 
314 55 
315 56 
316 57 
317 58 
260 27 
287 62 
293 104 
318 105 
322 106 
269 225 
269 226 
270 30 
271 31 
263 -126 
265 -126 
270 30 
271 31 
0 -60 
266 -60 
267 -60 
288 -60 
295 -60 
270 30 
271 31 
266 -131 
267 -131 
263 227 
263 228 
270 30 
271 31 
263 229 
270 30 
271 31 
265 230 
270 30 
271 31 
263 231 
270 30 
271 31 
263 232 
270 30 
271 31 
260 27 
261 28 
262 29 
270 30 
271 31 
283 152 
296 37 
297 38 
298 39 
299 40 
300 41 
301 42 
302 43 
303 44 
304 45 
305 46 
306 47 
307 48 
308 49 
309 50 
310 51 
311 52 
312 53 
313 54 
314 55 
315 56 
316 57 
317 58 
284 183 
263 -31 
285 -31 
294 -31 
321 -31 
295 233 
266 -20 
267 -20 
288 -20 
270 30 
271 31 
263 -36 
285 -36 
294 -36 
321 -36 
263 234 
285 184 
270 30 
271 31 
319 236 
320 237 
265 238 
263 239 
263 240 
263 241 
260 27 
261 28 
262 29 
270 30 
271 31 
296 37 
297 38 
298 39 
299 40 
300 41 
301 42 
302 43 
303 44 
304 45 
305 46 
306 47 
307 48 
308 49 
309 50 
310 51 
311 52 
312 53 
313 54 
314 55 
315 56 
316 57 
317 58 
260 27 
287 62 
293 104 
318 105 
322 106 
260 27 
261 28 
262 29 
270 30 
271 31 
296 37 
297 38 
298 39 
299 40 
300 41 
301 42 
302 43 
303 44 
304 45 
305 46 
306 47 
307 48 
308 49 
309 50 
310 51 
311 52 
312 53 
313 54 
314 55 
315 56 
316 57 
317 58 
260 27 
261 28 
262 29 
270 30 
271 31 
296 37 
297 38 
298 39 
299 40 
300 41 
301 42 
302 43 
303 44 
304 45 
305 46 
306 47 
307 48 
308 49 
309 50 
310 51 
311 52 
312 53 
313 54 
314 55 
315 56 
316 57 
317 58 
265 246 
270 30 
271 31 
270 30 
271 31 
321 247 
268 248 
270 30 
271 31 
260 27 
260 27 
287 62 
293 104 
318 105 
322 106 
260 27 
263 252 
269 253 
263 254 

* goto table
-51 1 
-50 2 
-49 3 
-46 4 
-44 5 
-42 6 
-40 7 
-23 8 
-22 9 
-18 10 
-17 11 
-16 12 
-15 13 
-14 14 
-13 15 
-12 16 
-11 17 
-10 18 
-9 19 
-8 20 
-7 21 
-6 22 
-5 23 
-4 24 
-3 25 
-2 26 
-24 61 
-46 4 
-42 6 
-40 66 
-4 67 
-3 25 
-2 26 
-40 68 
-51 1 
-50 2 
-49 3 
-46 4 
-44 5 
-42 6 
-40 7 
-22 72 
-17 11 
-16 12 
-15 13 
-14 14 
-13 15 
-12 16 
-11 17 
-10 18 
-9 19 
-8 20 
-7 21 
-6 73 
-5 23 
-4 24 
-3 25 
-2 26 
-52 74 
-52 77 
-44 78 
-43 80 
-46 4 
-44 5 
-42 6 
-40 66 
-5 84 
-4 24 
-3 25 
-2 26 
-40 85 
-40 87 
-38 88 
-52 94 
-40 95 
-31 96 
-30 97 
-29 98 
-28 99 
-27 100 
-26 101 
-24 102 
-9 103 
-46 4 
-44 5 
-42 6 
-40 66 
-5 107 
-4 24 
-3 25 
-2 26 
-46 4 
-44 5 
-42 6 
-40 66 
-5 108 
-4 24 
-3 25 
-2 26 
-46 4 
-44 5 
-42 6 
-40 66 
-5 109 
-4 24 
-3 25 
-2 26 
-43 80 
-46 4 
-44 5 
-42 6 
-40 66 
-37 110 
-5 111 
-4 24 
-3 25 
-2 26 
-46 4 
-44 5 
-42 6 
-40 66 
-5 112 
-4 24 
-3 25 
-2 26 
-40 113 
-46 4 
-44 5 
-42 6 
-40 66 
-21 114 
-20 115 
-5 116 
-4 24 
-3 25 
-2 26 
-50 2 
-49 3 
-46 4 
-44 5 
-42 6 
-40 7 
-17 11 
-16 12 
-15 13 
-14 14 
-13 15 
-12 16 
-11 17 
-10 18 
-9 19 
-8 118 
-5 23 
-4 24 
-3 25 
-2 26 
-46 4 
-42 6 
-40 66 
-4 119 
-3 25 
-2 26 
-46 4 
-42 6 
-40 66 
-3 121 
-2 26 
-46 4 
-42 6 
-40 66 
-2 122 
-44 78 
-39 124 
-46 4 
-44 5 
-42 6 
-40 66 
-5 126 
-4 24 
-3 25 
-2 26 
-47 128 
-47 139 
-46 4 
-44 5 
-42 6 
-40 66 
-5 140 
-4 24 
-3 25 
-2 26 
-46 4 
-44 5 
-42 6 
-40 66 
-5 141 
-4 24 
-3 25 
-2 26 
-46 4 
-44 5 
-42 6 
-40 66 
-5 142 
-4 24 
-3 25 
-2 26 
-52 144 
-46 4 
-44 5 
-42 6 
-40 66 
-36 145 
-35 146 
-34 147 
-33 148 
-32 149 
-5 150 
-4 24 
-3 25 
-2 26 
-40 153 
-46 4 
-44 5 
-42 6 
-40 66 
-36 145 
-35 146 
-34 147 
-33 148 
-32 154 
-5 150 
-4 24 
-3 25 
-2 26 
-44 78 
-44 78 
-44 78 
-44 78 
-44 78 
-52 161 
-44 78 
-43 80 
-54 163 
-53 164 
-42 165 
-40 87 
-38 174 
-44 78 
-40 176 
-44 78 
-44 78 
-44 78 
-40 95 
-31 96 
-30 97 
-29 98 
-28 182 
-24 102 
-9 103 
-45 186 
-44 78 
-46 4 
-44 5 
-42 6 
-40 66 
-36 193 
-5 194 
-4 24 
-3 25 
-2 26 
-40 198 
-40 199 
-46 4 
-44 5 
-42 6 
-40 66 
-5 200 
-4 24 
-3 25 
-2 26 
-46 4 
-44 5 
-42 6 
-41 201 
-40 66 
-5 202 
-4 24 
-3 25 
-2 26 
-46 4 
-44 5 
-42 6 
-40 66 
-20 204 
-5 116 
-4 24 
-3 25 
-2 26 
-46 4 
-44 5 
-42 6 
-40 66 
-5 206 
-4 24 
-3 25 
-2 26 
-54 207 
-42 165 
-40 210 
-46 4 
-44 5 
-42 6 
-40 66 
-5 211 
-4 24 
-3 25 
-2 26 
-46 4 
-44 5 
-42 6 
-40 66 
-5 212 
-4 24 
-3 25 
-2 26 
-46 4 
-44 5 
-42 6 
-40 66 
-5 213 
-4 24 
-3 25 
-2 26 
-46 4 
-44 5 
-42 6 
-40 66 
-5 214 
-4 24 
-3 25 
-2 26 
-46 4 
-44 5 
-42 6 
-40 66 
-5 215 
-4 24 
-3 25 
-2 26 
-35 216 
-35 146 
-34 218 
-40 95 
-31 96 
-30 97 
-29 98 
-28 219 
-24 102 
-9 103 
-46 4 
-44 5 
-42 6 
-40 66 
-5 220 
-4 24 
-3 25 
-2 26 
-45 186 
-44 78 
-46 4 
-44 5 
-42 6 
-40 66 
-36 145 
-35 146 
-34 147 
-33 222 
-5 150 
-4 24 
-3 25 
-2 26 
-46 4 
-44 5 
-42 6 
-40 66 
-5 223 
-4 24 
-3 25 
-2 26 
-40 95 
-31 96 
-30 97 
-29 98 
-28 224 
-24 102 
-9 103 
-44 78 
-44 78 
-44 78 
-44 78 
-44 78 
-44 78 
-44 78 
-44 78 
-46 4 
-44 5 
-42 6 
-40 66 
-36 193 
-5 150 
-4 24 
-3 25 
-2 26 
-44 78 
-48 235 
-44 78 
-46 4 
-44 5 
-42 6 
-40 66 
-5 242 
-4 24 
-3 25 
-2 26 
-40 95 
-31 96 
-30 97 
-29 98 
-28 243 
-24 102 
-9 103 
-46 4 
-44 5 
-42 6 
-40 66 
-5 244 
-4 24 
-3 25 
-2 26 
-46 4 
-44 5 
-42 6 
-40 66 
-5 245 
-4 24 
-3 25 
-2 26 
-44 78 
-44 78 
-44 78 
-40 249 
-40 95 
-31 96 
-30 97 
-29 98 
-28 250 
-24 102 
-9 103 
-40 251 

* info(d)
0 
0 
0 
0 
0 
0 
0 
0 
0 
-5 
0 
-58 
-57 
-56 
-55 
-54 
-53 
0 
-52 
-51 
-49 
0 
-3 
0 
0 
0 
-100 
-25 
-27 
0 
-74 
-75 
0 
0 
-133 
-135 
0 
-78 
-79 
-80 
-81 
-82 
-83 
-84 
-85 
-86 
-87 
-88 
-89 
-90 
-91 
-92 
-93 
-94 
0 
0 
0 
0 
0 
-134 
-136 
0 
0 
0 
0 
0 
0 
0 
-105 
0 
0 
0 
-6 
-1 
0 
0 
-47 
0 
0 
0 
0 
-76 
-77 
0 
0 
0 
0 
-123 
0 
0 
0 
0 
0 
0 
-7 
0 
-18 
-17 
-16 
-13 
0 
0 
-19 
-15 
0 
0 
0 
0 
0 
0 
0 
0 
0 
0 
0 
-129 
0 
-48 
-50 
0 
0 
0 
-101 
-103 
0 
0 
0 
0 
0 
-113 
-114 
-115 
-116 
-117 
-118 
-119 
-120 
-121 
-122 
0 
0 
0 
0 
-12 
0 
-32 
-33 
0 
0 
0 
0 
0 
0 
0 
0 
0 
0 
-106 
-107 
0 
0 
0 
0 
-62 
0 
-64 
-65 
-70 
-71 
-66 
-67 
-68 
-69 
-8 
0 
0 
-124 
0 
0 
0 
0 
0 
-14 
0 
0 
0 
0 
-42 
-38 
-39 
-40 
-41 
-43 
0 
0 
0 
0 
0 
0 
0 
0 
-61 
0 
-26 
-130 
-128 
0 
-63 
-73 
-9 
0 
0 
0 
0 
0 
0 
-34 
0 
0 
0 
0 
-35 
0 
0 
-22 
0 
0 
-132 
0 
0 
0 
-111 
-110 
0 
-37 
0 
-23 
-24 
0 
-137 
-108 
-109 
0 
-21 
0 
0 
0 
0 
0 
0 
-28 
0 
-112 
0 
-138 

* info(al)
1 
36 
37 
38 
39 
40 
65 
90 
99 
134 
134 
135 
135 
135 
135 
135 
135 
135 
137 
137 
137 
137 
140 
140 
143 
166 
190 
190 
190 
190 
217 
217 
217 
218 
219 
219 
219 
220 
220 
220 
220 
220 
220 
220 
220 
220 
220 
220 
220 
220 
220 
220 
220 
220 
220 
221 
222 
223 
224 
225 
225 
225 
227 
232 
259 
286 
313 
338 
361 
361 
388 
415 
416 
416 
416 
443 
484 
484 
518 
543 
547 
572 
572 
572 
597 
600 
601 
628 
628 
631 
641 
651 
678 
705 
732 
732 
734 
734 
734 
734 
734 
735 
738 
738 
738 
766 
767 
795 
798 
801 
804 
806 
810 
817 
818 
820 
820 
823 
823 
823 
846 
854 
878 
878 
878 
879 
880 
883 
884 
885 
885 
885 
885 
885 
885 
885 
885 
885 
885 
885 
886 
889 
892 
895 
895 
901 
901 
901 
906 
909 
910 
918 
946 
947 
948 
949 
950 
951 
951 
951 
978 
1006 
1034 
1061 
1061 
1070 
1070 
1070 
1070 
1070 
1070 
1070 
1070 
1070 
1070 
1072 
1073 
1073 
1100 
1127 
1154 
1181 
1208 
1208 
1209 
1210 
1215 
1242 
1242 
1242 
1242 
1242 
1242 
1242 
1243 
1252 
1280 
1307 
1312 
1313 
1314 
1318 
1318 
1325 
1325 
1325 
1325 
1329 
1329 
1329 
1329 
1330 
1333 
1336 
1339 
1342 
1345 
1345 
1373 
1378 
1382 
1388 
1388 
1390 
1394 
1394 
1395 
1396 
1396 
1397 
1398 
1425 
1425 
1425 
1430 
1430 
1457 
1457 
1457 
1484 
1484 
1484 
1484 
1487 
1487 
1490 
1493 
1494 
1499 
1500 
1501 
1501 
1502 
1502 
1503 

* info(ah)
35 
36 
37 
38 
39 
64 
89 
98 
133 
133 
134 
134 
134 
134 
134 
134 
134 
136 
136 
136 
136 
139 
139 
142 
165 
189 
189 
189 
189 
216 
216 
216 
217 
218 
218 
218 
219 
219 
219 
219 
219 
219 
219 
219 
219 
219 
219 
219 
219 
219 
219 
219 
219 
219 
220 
221 
222 
223 
224 
224 
224 
226 
231 
258 
285 
312 
337 
360 
360 
387 
414 
415 
415 
415 
442 
483 
483 
517 
542 
546 
571 
571 
571 
596 
599 
600 
627 
627 
630 
640 
650 
677 
704 
731 
731 
733 
733 
733 
733 
733 
734 
737 
737 
737 
765 
766 
794 
797 
800 
803 
805 
809 
816 
817 
819 
819 
822 
822 
822 
845 
853 
877 
877 
877 
878 
879 
882 
883 
884 
884 
884 
884 
884 
884 
884 
884 
884 
884 
884 
885 
888 
891 
894 
894 
900 
900 
900 
905 
908 
909 
917 
945 
946 
947 
948 
949 
950 
950 
950 
977 
1005 
1033 
1060 
1060 
1069 
1069 
1069 
1069 
1069 
1069 
1069 
1069 
1069 
1069 
1071 
1072 
1072 
1099 
1126 
1153 
1180 
1207 
1207 
1208 
1209 
1214 
1241 
1241 
1241 
1241 
1241 
1241 
1241 
1242 
1251 
1279 
1306 
1311 
1312 
1313 
1317 
1317 
1324 
1324 
1324 
1324 
1328 
1328 
1328 
1328 
1329 
1332 
1335 
1338 
1341 
1344 
1344 
1372 
1377 
1381 
1387 
1387 
1389 
1393 
1393 
1394 
1395 
1395 
1396 
1397 
1424 
1424 
1424 
1429 
1429 
1456 
1456 
1456 
1483 
1483 
1483 
1483 
1486 
1486 
1489 
1492 
1493 
1498 
1499 
1500 
1500 
1501 
1501 
1502 
1502 

* info(gl)
1 
27 
28 
28 
28 
28 
34 
35 
35 
59 
59 
59 
59 
59 
59 
59 
59 
59 
60 
60 
60 
60 
61 
61 
62 
63 
63 
63 
63 
63 
71 
71 
71 
72 
72 
72 
72 
74 
74 
74 
74 
74 
74 
74 
74 
74 
74 
74 
74 
74 
74 
74 
74 
74 
74 
74 
74 
74 
74 
74 
74 
74 
75 
84 
92 
100 
108 
108 
109 
109 
118 
126 
127 
127 
127 
137 
137 
137 
157 
163 
163 
168 
168 
168 
172 
173 
174 
182 
182 
182 
183 
184 
192 
200 
208 
208 
208 
208 
208 
208 
208 
208 
209 
209 
209 
222 
223 
236 
237 
238 
239 
239 
240 
241 
241 
242 
242 
243 
243 
243 
244 
247 
247 
247 
247 
247 
249 
250 
251 
251 
251 
251 
251 
251 
251 
251 
251 
251 
251 
251 
251 
252 
253 
254 
254 
261 
261 
261 
261 
261 
261 
263 
272 
272 
272 
272 
273 
274 
274 
274 
282 
291 
300 
308 
308 
310 
310 
310 
310 
310 
310 
310 
310 
310 
310 
310 
311 
311 
319 
327 
335 
343 
351 
351 
352 
354 
361 
369 
369 
369 
369 
369 
369 
369 
369 
371 
383 
391 
398 
398 
398 
399 
399 
400 
400 
400 
400 
401 
401 
401 
401 
401 
402 
403 
404 
405 
406 
406 
415 
415 
415 
416 
416 
416 
418 
418 
418 
418 
418 
418 
418 
426 
426 
426 
433 
433 
441 
441 
441 
449 
449 
449 
449 
450 
450 
451 
452 
453 
460 
461 
461 
461 
461 
461 
461 

* info(gh)
26 
27 
27 
27 
27 
33 
34 
34 
58 
58 
58 
58 
58 
58 
58 
58 
58 
59 
59 
59 
59 
60 
60 
61 
62 
62 
62 
62 
62 
70 
70 
70 
71 
71 
71 
71 
73 
73 
73 
73 
73 
73 
73 
73 
73 
73 
73 
73 
73 
73 
73 
73 
73 
73 
73 
73 
73 
73 
73 
73 
73 
74 
83 
91 
99 
107 
107 
108 
108 
117 
125 
126 
126 
126 
136 
136 
136 
156 
162 
162 
167 
167 
167 
171 
172 
173 
181 
181 
181 
182 
183 
191 
199 
207 
207 
207 
207 
207 
207 
207 
207 
208 
208 
208 
221 
222 
235 
236 
237 
238 
238 
239 
240 
240 
241 
241 
242 
242 
242 
243 
246 
246 
246 
246 
246 
248 
249 
250 
250 
250 
250 
250 
250 
250 
250 
250 
250 
250 
250 
250 
251 
252 
253 
253 
260 
260 
260 
260 
260 
260 
262 
271 
271 
271 
271 
272 
273 
273 
273 
281 
290 
299 
307 
307 
309 
309 
309 
309 
309 
309 
309 
309 
309 
309 
309 
310 
310 
318 
326 
334 
342 
350 
350 
351 
353 
360 
368 
368 
368 
368 
368 
368 
368 
368 
370 
382 
390 
397 
397 
397 
398 
398 
399 
399 
399 
399 
400 
400 
400 
400 
400 
401 
402 
403 
404 
405 
405 
414 
414 
414 
415 
415 
415 
417 
417 
417 
417 
417 
417 
417 
425 
425 
425 
432 
432 
440 
440 
440 
448 
448 
448 
448 
449 
449 
450 
451 
452 
459 
460 
460 
460 
460 
460 
460 
460 

* rules
2 -18 
1 -18 
1 -18 
0 -18 
1 -23 
2 -23 
3 -22 
4 -51 
3 -39 
2 -27 
1 -27 
3 -24 
1 -26 
3 -26 
1 -28 
1 -28 
1 -28 
1 -28 
1 -28 
4 -29 
6 -29 
4 -30 
1 -48 
1 -48 
1 -40 
1 -41 
1 -42 
8 -31 
1 -32 
1 -33 
3 -33 
1 -33 
1 -34 
3 -34 
3 -35 
3 -36 
4 -36 
1 -45 
1 -45 
1 -45 
1 -45 
1 -45 
1 -45 
2 -6 
1 -6 
1 -52 
1 -52 
2 -52 
1 -7 
3 -7 
1 -8 
1 -8 
1 -8 
1 -8 
1 -8 
1 -8 
1 -8 
1 -8 
3 -9 
5 -9 
5 -9 
1 -53 
2 -53 
1 -54 
1 -54 
1 -54 
1 -54 
1 -54 
1 -54 
1 -54 
1 -54 
2 -10 
5 -10 
1 -44 
1 -44 
1 -43 
1 -43 
1 -46 
1 -46 
1 -46 
1 -46 
1 -46 
1 -46 
1 -46 
1 -46 
1 -46 
1 -46 
1 -46 
1 -46 
1 -46 
1 -46 
1 -46 
1 -46 
1 -46 
1 -5 
3 -5 
2 -5 
1 -4 
3 -4 
1 -3 
3 -3 
1 -2 
3 -2 
1 -2 
2 -2 
4 -2 
4 -2 
7 -2 
7 -2 
6 -2 
6 -2 
10 -2 
1 -47 
1 -47 
1 -47 
1 -47 
1 -47 
1 -47 
1 -47 
1 -47 
1 -47 
1 -47 
1 -38 
3 -38 
1 -37 
3 -37 
2 -11 
5 -12 
1 -21 
3 -21 
3 -20 
6 -13 
1 -49 
1 -49 
1 -50 
1 -50 
7 -14 
12 -15 
* end
* parser
* action table
260 28 
261 29 
262 30 
270 31 
271 32 
286 33 
289 34 
290 35 
291 36 
292 37 
296 38 
297 39 
298 40 
299 41 
300 42 
301 43 
302 44 
303 45 
304 46 
305 47 
306 48 
307 49 
308 50 
309 51 
310 52 
311 53 
312 54 
313 55 
314 56 
315 57 
316 58 
317 59 
323 60 
324 61 
336 62 
337 63 
0 -4 
262 65 
328 66 
262 65 
328 66 
262 65 
328 66 
262 65 
328 66 
266 71 
267 72 
335 73 
260 75 
274 76 
0 -119 
263 -119 
265 -119 
266 -119 
267 -119 
268 -119 
270 -119 
271 -119 
272 -119 
273 -119 
275 -119 
276 -119 
277 -119 
278 -119 
279 -119 
280 -119 
285 -119 
288 -119 
294 -119 
295 -119 
319 -119 
320 -119 
321 -119 
329 -119 
332 -119 
333 -119 
334 -119 
335 -119 
272 78 
273 79 
0 -115 
263 -115 
265 -115 
266 -115 
267 -115 
268 -115 
270 -115 
271 -115 
275 -115 
276 -115 
277 -115 
278 -115 
279 -115 
280 -115 
285 -115 
288 -115 
294 -115 
295 -115 
319 -115 
320 -115 
321 -115 
329 -115 
332 -115 
333 -115 
334 -115 
335 -115 
262 80 
260 82 
261 29 
262 30 
296 38 
297 39 
298 40 
299 41 
300 42 
301 43 
302 44 
303 45 
304 46 
305 47 
306 48 
307 49 
308 50 
309 51 
310 52 
311 53 
312 54 
313 55 
314 56 
315 57 
316 58 
317 59 
337 63 
270 31 
271 32 
275 85 
333 86 
266 71 
267 72 
335 73 
0 -36 
287 90 
338 91 
260 28 
261 29 
262 30 
270 31 
271 32 
286 33 
289 34 
290 35 
291 36 
292 37 
296 38 
297 39 
298 40 
299 41 
300 42 
301 43 
302 44 
303 45 
304 46 
305 47 
306 48 
307 49 
308 50 
309 51 
310 52 
311 53 
312 54 
313 55 
314 56 
315 57 
316 58 
317 59 
323 60 
324 61 
336 62 
337 63 
0 -2 
0 0 
262 94 
264 95 
325 96 
270 -125 
271 -125 
272 -125 
273 -125 
274 -125 
275 -125 
333 -125 
260 97 
0 -123 
263 -123 
265 -123 
266 -123 
267 -123 
268 -123 
270 -123 
271 -123 
272 -123 
273 -123 
274 -123 
275 -123 
276 -123 
277 -123 
278 -123 
279 -123 
280 -123 
285 -123 
288 -123 
294 -123 
295 -123 
319 -123 
320 -123 
321 -123 
329 -123 
332 -123 
333 -123 
334 -123 
335 -123 
260 82 
261 29 
262 30 
270 31 
271 32 
296 38 
297 39 
298 40 
299 41 
300 42 
301 43 
302 44 
303 45 
304 46 
305 47 
306 48 
307 49 
308 50 
309 51 
310 52 
311 53 
312 54 
313 55 
314 56 
315 57 
316 58 
317 59 
336 62 
337 63 
260 100 
339 101 
262 65 
328 66 
343 104 
262 105 
262 106 
262 107 
262 108 
262 109 
260 82 
261 29 
262 30 
270 31 
271 32 
296 38 
297 39 
298 40 
299 41 
300 42 
301 43 
302 44 
303 45 
304 46 
305 47 
306 48 
307 49 
308 50 
309 51 
310 52 
311 53 
312 54 
313 55 
314 56 
315 57 
316 58 
317 59 
336 62 
337 63 
260 82 
261 29 
262 30 
270 31 
271 32 
296 38 
297 39 
298 40 
299 41 
300 42 
301 43 
302 44 
303 45 
304 46 
305 47 
306 48 
307 49 
308 50 
309 51 
310 52 
311 53 
312 54 
313 55 
314 56 
315 57 
316 58 
317 59 
336 62 
337 63 
260 82 
261 29 
262 30 
270 31 
271 32 
296 38 
297 39 
298 40 
299 41 
300 42 
301 43 
302 44 
303 45 
304 46 
305 47 
306 48 
307 49 
308 50 
309 51 
310 52 
311 53 
312 54 
313 55 
314 56 
315 57 
316 58 
317 59 
336 62 
337 63 
260 82 
261 29 
262 30 
270 31 
271 32 
296 38 
297 39 
298 40 
299 41 
300 42 
301 43 
302 44 
303 45 
304 46 
305 47 
306 48 
307 49 
308 50 
309 51 
310 52 
311 53 
312 54 
313 55 
314 56 
315 57 
316 58 
317 59 
336 62 
337 63 
260 82 
261 29 
262 30 
270 31 
271 32 
296 38 
297 39 
298 40 
299 41 
300 42 
301 43 
302 44 
303 45 
304 46 
305 47 
306 48 
307 49 
308 50 
309 51 
310 52 
311 53 
312 54 
313 55 
314 56 
315 57 
316 58 
317 59 
336 62 
337 63 
267 118 
0 -67 
260 -67 
261 -67 
262 -67 
270 -67 
271 -67 
286 -67 
287 -67 
288 -67 
289 -67 
290 -67 
291 -67 
292 -67 
293 -67 
296 -67 
297 -67 
298 -67 
299 -67 
300 -67 
301 -67 
302 -67 
303 -67 
304 -67 
305 -67 
306 -67 
307 -67 
308 -67 
309 -67 
310 -67 
311 -67 
312 -67 
313 -67 
314 -67 
315 -67 
316 -67 
317 -67 
318 -67 
322 -67 
323 -67 
324 -67 
336 -67 
337 -67 
265 120 
332 121 
266 -151 
267 -151 
335 -151 
260 82 
261 29 
262 30 
296 38 
297 39 
298 40 
299 41 
300 42 
301 43 
302 44 
303 45 
304 46 
305 47 
306 48 
307 49 
308 50 
309 51 
310 52 
311 53 
312 54 
313 55 
314 56 
315 57 
316 58 
317 59 
337 63 
260 82 
261 29 
262 30 
296 38 
297 39 
298 40 
299 41 
300 42 
301 43 
302 44 
303 45 
304 46 
305 47 
306 48 
307 49 
308 50 
309 51 
310 52 
311 53 
312 54 
313 55 
314 56 
315 57 
316 58 
317 59 
337 63 
260 82 
261 29 
262 30 
270 31 
271 32 
296 38 
297 39 
298 40 
299 41 
300 42 
301 43 
302 44 
303 45 
304 46 
305 47 
306 48 
307 49 
308 50 
309 51 
310 52 
311 53 
312 54 
313 55 
314 56 
315 57 
316 58 
317 59 
336 62 
337 63 
272 78 
273 79 
0 -117 
263 -117 
265 -117 
266 -117 
267 -117 
268 -117 
270 -117 
271 -117 
275 -117 
276 -117 
277 -117 
278 -117 
279 -117 
280 -117 
285 -117 
288 -117 
294 -117 
295 -117 
319 -117 
320 -117 
321 -117 
329 -117 
332 -117 
333 -117 
334 -117 
335 -117 
262 94 
0 -125 
263 -125 
265 -125 
266 -125 
267 -125 
268 -125 
270 -125 
271 -125 
272 -125 
273 -125 
274 -125 
275 -125 
276 -125 
277 -125 
278 -125 
279 -125 
280 -125 
285 -125 
288 -125 
294 -125 
295 -125 
319 -125 
320 -125 
321 -125 
329 -125 
332 -125 
333 -125 
334 -125 
335 -125 
260 82 
261 29 
262 30 
296 38 
297 39 
298 40 
299 41 
300 42 
301 43 
302 44 
303 45 
304 46 
305 47 
306 48 
307 49 
308 50 
309 51 
310 52 
311 53 
312 54 
313 55 
314 56 
315 57 
316 58 
317 59 
337 63 
268 127 
330 128 
0 -92 
266 -92 
267 -92 
335 -92 
260 28 
261 29 
262 30 
270 31 
271 32 
289 34 
290 35 
291 36 
292 37 
296 38 
297 39 
298 40 
299 41 
300 42 
301 43 
302 44 
303 45 
304 46 
305 47 
306 48 
307 49 
308 50 
309 51 
310 52 
311 53 
312 54 
313 55 
314 56 
315 57 
316 58 
317 59 
323 60 
324 61 
336 62 
337 63 
0 -35 
266 71 
267 72 
335 73 
260 139 
287 90 
293 140 
318 141 
322 142 
260 82 
261 29 
262 30 
270 31 
271 32 
296 38 
297 39 
298 40 
299 41 
300 42 
301 43 
302 44 
303 45 
304 46 
305 47 
306 48 
307 49 
308 50 
309 51 
310 52 
311 53 
312 54 
313 55 
314 56 
315 57 
316 58 
317 59 
336 62 
337 63 
260 82 
261 29 
262 30 
270 31 
271 32 
296 38 
297 39 
298 40 
299 41 
300 42 
301 43 
302 44 
303 45 
304 46 
305 47 
306 48 
307 49 
308 50 
309 51 
310 52 
311 53 
312 54 
313 55 
314 56 
315 57 
316 58 
317 59 
336 62 
337 63 
260 146 
263 148 
270 31 
271 32 
329 149 
262 151 
260 82 
261 29 
262 30 
270 31 
271 32 
296 38 
297 39 
298 40 
299 41 
300 42 
301 43 
302 44 
303 45 
304 46 
305 47 
306 48 
307 49 
308 50 
309 51 
310 52 
311 53 
312 54 
313 55 
314 56 
315 57 
316 58 
317 59 
336 62 
337 63 
260 154 
296 155 
297 156 
298 157 
299 158 
301 159 
304 160 
305 161 
306 162 
307 163 
260 154 
296 155 
297 156 
298 157 
299 158 
301 159 
304 160 
305 161 
306 162 
307 163 
260 82 
261 29 
262 30 
270 31 
271 32 
296 38 
297 39 
298 40 
299 41 
300 42 
301 43 
302 44 
303 45 
304 46 
305 47 
306 48 
307 49 
308 50 
309 51 
310 52 
311 53 
312 54 
313 55 
314 56 
315 57 
316 58 
317 59 
336 62 
337 63 
260 82 
261 29 
262 30 
270 31 
271 32 
296 38 
297 39 
298 40 
299 41 
300 42 
301 43 
302 44 
303 45 
304 46 
305 47 
306 48 
307 49 
308 50 
309 51 
310 52 
311 53 
312 54 
313 55 
314 56 
315 57 
316 58 
317 59 
336 62 
337 63 
260 82 
261 29 
262 30 
270 31 
271 32 
296 38 
297 39 
298 40 
299 41 
300 42 
301 43 
302 44 
303 45 
304 46 
305 47 
306 48 
307 49 
308 50 
309 51 
310 52 
311 53 
312 54 
313 55 
314 56 
315 57 
316 58 
317 59 
336 62 
337 63 
265 120 
332 121 
268 171 
270 31 
271 32 
334 172 
263 173 
265 120 
332 121 
263 148 
329 149 
266 71 
267 72 
335 73 
270 31 
271 32 
275 85 
333 86 
260 178 
274 76 
0 -120 
263 -120 
265 -120 
266 -120 
267 -120 
268 -120 
270 -120 
271 -120 
272 -120 
273 -120 
275 -120 
276 -120 
277 -120 
278 -120 
279 -120 
280 -120 
285 -120 
288 -120 
294 -120 
295 -120 
319 -120 
320 -120 
321 -120 
329 -120 
332 -120 
333 -120 
334 -120 
335 -120 
263 148 
270 31 
271 32 
329 149 
272 78 
273 79 
0 -116 
263 -116 
265 -116 
266 -116 
267 -116 
268 -116 
270 -116 
271 -116 
275 -116 
276 -116 
277 -116 
278 -116 
279 -116 
280 -116 
285 -116 
288 -116 
294 -116 
295 -116 
319 -116 
320 -116 
321 -116 
329 -116 
332 -116 
333 -116 
334 -116 
335 -116 
260 182 
261 183 
262 184 
263 185 
270 186 
271 187 
272 188 
301 189 
266 71 
267 72 
335 73 
288 -32 
288 191 
264 95 
325 96 
260 82 
261 29 
262 198 
270 31 
271 32 
283 199 
296 38 
297 39 
298 40 
299 41 
300 42 
301 43 
302 44 
303 45 
304 46 
305 47 
306 48 
307 49 
308 50 
309 51 
310 52 
311 53 
312 54 
313 55 
314 56 
315 57 
316 58 
317 59 
336 62 
337 63 
260 201 
341 202 
260 82 
261 29 
262 198 
270 31 
271 32 
283 199 
296 38 
297 39 
298 40 
299 41 
300 42 
301 43 
302 44 
303 45 
304 46 
305 47 
306 48 
307 49 
308 50 
309 51 
310 52 
311 53 
312 54 
313 55 
314 56 
315 57 
316 58 
317 59 
336 62 
337 63 
340 205 
263 207 
265 120 
332 121 
270 31 
271 32 
263 -145 
265 -145 
332 -145 
270 31 
271 32 
0 -79 
266 -79 
267 -79 
288 -79 
295 -79 
335 -79 
264 208 
266 209 
260 75 
265 120 
270 31 
271 32 
332 121 
262 212 
262 213 
265 120 
270 31 
271 32 
332 121 
265 120 
270 31 
271 32 
332 121 
265 120 
270 31 
271 32 
332 121 
260 82 
261 29 
262 30 
270 31 
271 32 
296 38 
297 39 
298 40 
299 41 
300 42 
301 43 
302 44 
303 45 
304 46 
305 47 
306 48 
307 49 
308 50 
309 51 
310 52 
311 53 
312 54 
313 55 
314 56 
315 57 
316 58 
317 59 
336 62 
337 63 
260 218 
260 82 
261 29 
262 30 
270 31 
271 32 
296 38 
297 39 
298 40 
299 41 
300 42 
301 43 
302 44 
303 45 
304 46 
305 47 
306 48 
307 49 
308 50 
309 51 
310 52 
311 53 
312 54 
313 55 
314 56 
315 57 
316 58 
317 59 
336 62 
337 63 
260 82 
261 29 
262 30 
270 31 
271 32 
288 222 
296 38 
297 39 
298 40 
299 41 
300 42 
301 43 
302 44 
303 45 
304 46 
305 47 
306 48 
307 49 
308 50 
309 51 
310 52 
311 53 
312 54 
313 55 
314 56 
315 57 
316 58 
317 59 
336 62 
337 63 
260 82 
261 29 
262 30 
270 31 
271 32 
296 38 
297 39 
298 40 
299 41 
300 42 
301 43 
302 44 
303 45 
304 46 
305 47 
306 48 
307 49 
308 50 
309 51 
310 52 
311 53 
312 54 
313 55 
314 56 
315 57 
316 58 
317 59 
336 62 
337 63 
260 182 
261 183 
262 184 
263 185 
269 226 
270 186 
271 187 
272 188 
301 189 
331 227 
260 139 
287 90 
293 140 
318 141 
322 142 
288 -31 
284 229 
263 -53 
285 -53 
294 -53 
321 -53 
329 -53 
285 230 
294 -52 
321 -52 
270 31 
271 32 
275 232 
276 233 
277 234 
278 235 
279 236 
280 237 
294 238 
260 82 
261 29 
262 30 
270 31 
271 32 
283 199 
296 38 
297 39 
298 40 
299 41 
300 42 
301 43 
302 44 
303 45 
304 46 
305 47 
306 48 
307 49 
308 50 
309 51 
310 52 
311 53 
312 54 
313 55 
314 56 
315 57 
316 58 
317 59 
336 62 
337 63 
262 241 
264 242 
321 243 
260 82 
261 29 
262 30 
270 31 
271 32 
296 38 
297 39 
298 40 
299 41 
300 42 
301 43 
302 44 
303 45 
304 46 
305 47 
306 48 
307 49 
308 50 
309 51 
310 52 
311 53 
312 54 
313 55 
314 56 
315 57 
316 58 
317 59 
336 62 
337 63 
260 82 
261 29 
262 30 
270 31 
271 32 
296 38 
297 39 
298 40 
299 41 
300 42 
301 43 
302 44 
303 45 
304 46 
305 47 
306 48 
307 49 
308 50 
309 51 
310 52 
311 53 
312 54 
313 55 
314 56 
315 57 
316 58 
317 59 
327 246 
336 62 
337 63 
263 148 
265 120 
329 149 
332 121 
260 248 
260 82 
261 29 
262 30 
270 31 
271 32 
296 38 
297 39 
298 40 
299 41 
300 42 
301 43 
302 44 
303 45 
304 46 
305 47 
306 48 
307 49 
308 50 
309 51 
310 52 
311 53 
312 54 
313 55 
314 56 
315 57 
316 58 
317 59 
336 62 
337 63 
260 82 
261 29 
262 30 
270 31 
271 32 
296 38 
297 39 
298 40 
299 41 
300 42 
301 43 
302 44 
303 45 
304 46 
305 47 
306 48 
307 49 
308 50 
309 51 
310 52 
311 53 
312 54 
313 55 
314 56 
315 57 
316 58 
317 59 
336 62 
337 63 
260 82 
261 29 
262 30 
270 31 
271 32 
296 38 
297 39 
298 40 
299 41 
300 42 
301 43 
302 44 
303 45 
304 46 
305 47 
306 48 
307 49 
308 50 
309 51 
310 52 
311 53 
312 54 
313 55 
314 56 
315 57 
316 58 
317 59 
336 62 
337 63 
260 82 
261 29 
262 30 
270 31 
271 32 
296 38 
297 39 
298 40 
299 41 
300 42 
301 43 
302 44 
303 45 
304 46 
305 47 
306 48 
307 49 
308 50 
309 51 
310 52 
311 53 
312 54 
313 55 
314 56 
315 57 
316 58 
317 59 
336 62 
337 63 
260 82 
261 29 
262 30 
270 31 
271 32 
296 38 
297 39 
298 40 
299 41 
300 42 
301 43 
302 44 
303 45 
304 46 
305 47 
306 48 
307 49 
308 50 
309 51 
310 52 
311 53 
312 54 
313 55 
314 56 
315 57 
316 58 
317 59 
336 62 
337 63 
263 254 
269 255 
263 148 
329 149 
270 31 
271 32 
266 -155 
267 -155 
335 -155 
262 258 
262 258 
260 82 
261 29 
262 30 
270 31 
271 32 
296 38 
297 39 
298 40 
299 41 
300 42 
301 43 
302 44 
303 45 
304 46 
305 47 
306 48 
307 49 
308 50 
309 51 
310 52 
311 53 
312 54 
313 55 
314 56 
315 57 
316 58 
317 59 
336 62 
337 63 
260 139 
287 90 
293 140 
318 141 
322 142 
263 148 
329 149 
263 148 
270 31 
271 32 
275 232 
276 233 
277 234 
278 235 
279 236 
280 237 
329 149 
260 82 
261 29 
262 198 
270 31 
271 32 
283 199 
296 38 
297 39 
298 40 
299 41 
300 42 
301 43 
302 44 
303 45 
304 46 
305 47 
306 48 
307 49 
308 50 
309 51 
310 52 
311 53 
312 54 
313 55 
314 56 
315 57 
316 58 
317 59 
336 62 
337 63 
260 82 
261 29 
262 30 
270 31 
271 32 
296 38 
297 39 
298 40 
299 41 
300 42 
301 43 
302 44 
303 45 
304 46 
305 47 
306 48 
307 49 
308 50 
309 51 
310 52 
311 53 
312 54 
313 55 
314 56 
315 57 
316 58 
317 59 
336 62 
337 63 
260 139 
287 90 
293 140 
318 141 
322 142 
270 31 
271 32 
263 -146 
265 -146 
332 -146 
270 31 
271 32 
0 -80 
266 -80 
267 -80 
288 -80 
295 -80 
335 -80 
263 148 
329 149 
263 148 
270 31 
271 32 
329 149 
263 148 
270 31 
271 32 
329 149 
265 120 
270 31 
271 32 
332 121 
263 148 
270 31 
271 32 
329 149 
263 148 
270 31 
271 32 
329 149 
260 82 
261 29 
262 30 
270 31 
271 32 
283 199 
296 38 
297 39 
298 40 
299 41 
300 42 
301 43 
302 44 
303 45 
304 46 
305 47 
306 48 
307 49 
308 50 
309 51 
310 52 
311 53 
312 54 
313 55 
314 56 
315 57 
316 58 
317 59 
336 62 
337 63 
284 229 
263 -54 
285 -54 
294 -54 
321 -54 
329 -54 
270 31 
271 32 
263 -59 
285 -59 
294 -59 
321 -59 
329 -59 
295 272 
266 -42 
267 -42 
288 -42 
335 -42 
263 148 
285 230 
329 149 
270 31 
271 32 
319 275 
320 276 
263 148 
329 149 
263 148 
329 149 
260 82 
261 29 
262 30 
270 31 
271 32 
296 38 
297 39 
298 40 
299 41 
300 42 
301 43 
302 44 
303 45 
304 46 
305 47 
306 48 
307 49 
308 50 
309 51 
310 52 
311 53 
312 54 
313 55 
314 56 
315 57 
316 58 
317 59 
336 62 
337 63 
260 139 
287 90 
293 140 
318 141 
322 142 
260 82 
261 29 
262 30 
270 31 
271 32 
296 38 
297 39 
298 40 
299 41 
300 42 
301 43 
302 44 
303 45 
304 46 
305 47 
306 48 
307 49 
308 50 
309 51 
310 52 
311 53 
312 54 
313 55 
314 56 
315 57 
316 58 
317 59 
336 62 
337 63 
265 120 
270 31 
271 32 
332 121 
270 31 
271 32 
321 283 
260 284 
260 139 
287 90 
293 140 
318 141 
322 142 
263 148 
329 149 

* goto table
-65 1 
-64 2 
-63 3 
-62 4 
-58 5 
-56 6 
-53 7 
-52 8 
-51 9 
-50 10 
-48 11 
-45 12 
-44 13 
-43 14 
-42 15 
-41 16 
-40 17 
-39 18 
-33 19 
-25 20 
-24 21 
-23 22 
-13 23 
-12 24 
-4 25 
-3 26 
-2 27 
-7 64 
-7 67 
-7 68 
-7 69 
-15 70 
-18 74 
-49 77 
-53 7 
-52 8 
-51 81 
-50 10 
-48 83 
-10 84 
-15 87 
-19 88 
-14 89 
-65 1 
-64 2 
-63 3 
-62 4 
-58 5 
-56 6 
-53 7 
-52 8 
-51 9 
-50 10 
-48 11 
-45 12 
-44 13 
-43 14 
-42 15 
-41 16 
-40 17 
-39 18 
-33 19 
-25 20 
-24 21 
-23 22 
-13 23 
-12 92 
-4 93 
-53 7 
-52 8 
-51 9 
-50 10 
-48 11 
-33 98 
-16 99 
-61 102 
-7 103 
-67 110 
-53 7 
-52 8 
-51 9 
-50 10 
-48 11 
-33 111 
-67 112 
-53 7 
-52 8 
-51 9 
-50 10 
-48 11 
-33 111 
-67 113 
-53 7 
-52 8 
-51 9 
-50 10 
-48 11 
-33 111 
-67 114 
-53 7 
-52 8 
-51 9 
-50 10 
-48 11 
-33 111 
-60 115 
-59 116 
-53 7 
-52 8 
-51 9 
-50 10 
-48 11 
-33 117 
-9 119 
-53 122 
-50 10 
-53 7 
-52 123 
-50 10 
-53 7 
-52 8 
-51 9 
-50 10 
-48 11 
-33 124 
-49 77 
-53 7 
-52 8 
-51 125 
-50 10 
-5 126 
-65 1 
-64 2 
-63 3 
-62 4 
-58 5 
-56 6 
-53 7 
-52 8 
-51 9 
-50 10 
-48 11 
-45 12 
-44 13 
-43 14 
-42 15 
-41 16 
-40 17 
-39 18 
-33 19 
-25 20 
-24 129 
-15 130 
-28 131 
-27 132 
-26 133 
-25 134 
-22 135 
-21 136 
-20 137 
-19 138 
-54 143 
-53 7 
-52 8 
-51 9 
-50 10 
-48 11 
-33 144 
-53 7 
-52 8 
-51 9 
-50 10 
-48 11 
-33 145 
-48 83 
-8 147 
-17 150 
-53 7 
-52 8 
-51 9 
-50 10 
-48 11 
-33 152 
-55 153 
-55 164 
-53 7 
-52 8 
-51 9 
-50 10 
-48 11 
-33 165 
-53 7 
-52 8 
-51 9 
-50 10 
-48 11 
-33 166 
-53 7 
-52 8 
-51 9 
-50 10 
-48 11 
-33 167 
-66 168 
-9 169 
-48 83 
-11 170 
-66 174 
-9 169 
-8 175 
-15 176 
-48 83 
-10 177 
-48 83 
-8 179 
-49 77 
-47 180 
-46 181 
-15 190 
-53 7 
-52 8 
-51 9 
-50 10 
-48 11 
-37 192 
-36 193 
-35 194 
-34 195 
-33 196 
-29 197 
-32 200 
-53 7 
-52 8 
-51 9 
-50 10 
-48 11 
-37 192 
-36 193 
-35 194 
-34 195 
-33 196 
-30 203 
-29 204 
-9 206 
-48 83 
-48 83 
-18 210 
-48 83 
-9 211 
-48 83 
-9 214 
-48 83 
-9 215 
-48 83 
-9 216 
-67 217 
-53 7 
-52 8 
-51 9 
-50 10 
-48 11 
-33 111 
-67 219 
-53 7 
-52 8 
-51 9 
-50 10 
-48 11 
-33 111 
-60 220 
-57 221 
-53 7 
-52 8 
-51 9 
-50 10 
-48 11 
-33 117 
-53 7 
-52 8 
-51 9 
-50 10 
-48 11 
-33 223 
-47 224 
-6 225 
-28 131 
-27 132 
-26 133 
-25 134 
-22 228 
-19 138 
-48 83 
-38 231 
-53 7 
-52 8 
-51 9 
-50 10 
-48 11 
-36 239 
-33 240 
-53 7 
-52 8 
-51 9 
-50 10 
-48 11 
-33 244 
-53 7 
-52 8 
-51 9 
-50 10 
-48 11 
-33 245 
-9 119 
-8 247 
-53 7 
-52 8 
-51 9 
-50 10 
-48 11 
-33 249 
-53 7 
-52 8 
-51 9 
-50 10 
-48 11 
-33 250 
-53 7 
-52 8 
-51 9 
-50 10 
-48 11 
-33 251 
-53 7 
-52 8 
-51 9 
-50 10 
-48 11 
-33 252 
-53 7 
-52 8 
-51 9 
-50 10 
-48 11 
-33 253 
-8 256 
-48 83 
-37 257 
-37 192 
-35 259 
-53 7 
-52 8 
-51 9 
-50 10 
-48 11 
-33 260 
-28 131 
-27 132 
-26 133 
-25 134 
-22 261 
-19 138 
-8 262 
-48 83 
-38 231 
-8 147 
-53 7 
-52 8 
-51 9 
-50 10 
-48 11 
-37 192 
-36 193 
-35 194 
-34 263 
-33 196 
-53 7 
-52 8 
-51 9 
-50 10 
-48 11 
-33 264 
-28 131 
-27 132 
-26 133 
-25 134 
-22 265 
-19 138 
-48 83 
-48 83 
-8 266 
-48 83 
-8 267 
-48 83 
-8 268 
-48 83 
-9 269 
-48 83 
-8 270 
-48 83 
-8 271 
-53 7 
-52 8 
-51 9 
-50 10 
-48 11 
-36 239 
-33 196 
-48 83 
-8 273 
-48 83 
-31 274 
-8 277 
-8 278 
-53 7 
-52 8 
-51 9 
-50 10 
-48 11 
-33 279 
-28 131 
-27 132 
-26 133 
-25 134 
-22 280 
-19 138 
-53 7 
-52 8 
-51 9 
-50 10 
-48 11 
-33 281 
-48 83 
-9 282 
-48 83 
-28 131 
-27 132 
-26 133 
-25 134 
-22 285 
-19 138 
-8 286 

* info(d)
0 
0 
0 
0 
0 
0 
0 
-121 
0 
0 
0 
0 
-78 
-77 
-76 
-75 
-74 
-73 
-72 
0 
-71 
-33 
0 
0 
-19 
-3 
0 
0 
0 
0 
0 
-94 
-95 
0 
0 
-159 
-160 
-149 
-98 
-99 
-100 
-101 
-102 
-103 
-104 
-105 
-106 
-107 
-108 
-109 
-110 
-111 
-112 
-113 
-114 
0 
0 
0 
0 
0 
-161 
-162 
-118 
-134 
0 
-9 
-10 
0 
0 
0 
0 
0 
-68 
-70 
0 
-147 
0 
0 
-96 
-97 
0 
0 
0 
0 
0 
-15 
-16 
0 
-27 
0 
0 
-28 
-20 
-1 
0 
0 
0 
-126 
0 
-24 
0 
-23 
-158 
0 
-157 
0 
0 
0 
0 
0 
0 
0 
0 
0 
0 
-153 
0 
0 
-69 
0 
-13 
-14 
-122 
0 
0 
0 
0 
-5 
-6 
-34 
-21 
-40 
-39 
-38 
-37 
-29 
0 
0 
-41 
0 
0 
0 
0 
0 
0 
0 
0 
-124 
-11 
-12 
0 
0 
0 
0 
-135 
-136 
-137 
-138 
-139 
-140 
-141 
-142 
-143 
-144 
0 
0 
0 
0 
0 
-163 
-164 
0 
-18 
-167 
0 
-165 
0 
0 
-148 
-127 
-82 
0 
-85 
-84 
-90 
-91 
-86 
-87 
-88 
-89 
0 
-26 
-56 
-55 
0 
0 
0 
0 
0 
0 
-51 
0 
-50 
-46 
0 
-45 
0 
-128 
0 
-22 
0 
0 
0 
0 
0 
0 
0 
0 
0 
0 
-154 
-152 
-150 
0 
-83 
-93 
-7 
-8 
-30 
0 
0 
0 
-65 
-61 
-62 
-63 
-64 
-66 
0 
0 
0 
0 
0 
0 
0 
0 
-81 
-25 
0 
0 
0 
0 
0 
0 
-168 
-17 
-166 
-57 
0 
0 
0 
0 
-58 
0 
0 
-44 
-156 
0 
0 
0 
-132 
-131 
0 
-60 
0 
-47 
-48 
-129 
-130 
0 
-43 
0 
0 
0 
0 
-49 
-133 

* info(al)
1 
38 
40 
42 
44 
46 
49 
50 
50 
79 
107 
108 
134 
134 
134 
134 
134 
134 
134 
134 
138 
138 
138 
142 
144 
144 
144 
181 
182 
192 
222 
251 
251 
251 
253 
256 
256 
256 
256 
256 
256 
256 
256 
256 
256 
256 
256 
256 
256 
256 
256 
256 
256 
256 
256 
256 
257 
258 
259 
260 
261 
261 
261 
261 
261 
290 
290 
290 
319 
348 
377 
406 
449 
449 
449 
454 
454 
480 
506 
506 
506 
535 
563 
593 
619 
625 
625 
625 
661 
661 
664 
669 
669 
669 
669 
698 
727 
728 
728 
732 
732 
733 
733 
733 
762 
762 
772 
782 
811 
840 
869 
871 
875 
876 
878 
880 
880 
883 
887 
887 
888 
888 
888 
888 
917 
921 
949 
957 
957 
957 
957 
957 
957 
957 
957 
957 
957 
961 
962 
962 
964 
994 
996 
1027 
1030 
1035 
1043 
1044 
1044 
1044 
1044 
1045 
1046 
1050 
1051 
1051 
1051 
1051 
1051 
1051 
1051 
1051 
1051 
1051 
1051 
1052 
1056 
1060 
1064 
1093 
1093 
1093 
1094 
1094 
1094 
1123 
1123 
1153 
1182 
1182 
1182 
1182 
1192 
1192 
1192 
1192 
1192 
1192 
1192 
1192 
1192 
1198 
1198 
1198 
1198 
1204 
1207 
1215 
1216 
1246 
1247 
1247 
1248 
1248 
1248 
1249 
1249 
1278 
1278 
1308 
1308 
1312 
1313 
1342 
1371 
1400 
1429 
1458 
1459 
1460 
1462 
1462 
1462 
1462 
1467 
1467 
1467 
1467 
1467 
1467 
1468 
1469 
1498 
1498 
1498 
1498 
1498 
1498 
1498 
1503 
1505 
1515 
1545 
1574 
1579 
1584 
1592 
1592 
1592 
1594 
1598 
1602 
1606 
1610 
1614 
1614 
1614 
1614 
1614 
1644 
1650 
1657 
1662 
1662 
1665 
1669 
1669 
1669 
1671 
1673 
1702 
1702 
1702 
1707 
1707 
1736 
1736 
1736 
1736 
1736 
1740 
1740 
1743 
1744 
1749 
1751 
1751 

* info(ah)
37 
39 
41 
43 
45 
48 
49 
49 
78 
106 
107 
133 
133 
133 
133 
133 
133 
133 
133 
137 
137 
137 
141 
143 
143 
143 
180 
181 
191 
221 
250 
250 
250 
252 
255 
255 
255 
255 
255 
255 
255 
255 
255 
255 
255 
255 
255 
255 
255 
255 
255 
255 
255 
255 
255 
256 
257 
258 
259 
260 
260 
260 
260 
260 
289 
289 
289 
318 
347 
376 
405 
448 
448 
448 
453 
453 
479 
505 
505 
505 
534 
562 
592 
618 
624 
624 
624 
660 
660 
663 
668 
668 
668 
668 
697 
726 
727 
727 
731 
731 
732 
732 
732 
761 
761 
771 
781 
810 
839 
868 
870 
874 
875 
877 
879 
879 
882 
886 
886 
887 
887 
887 
887 
916 
920 
948 
956 
956 
956 
956 
956 
956 
956 
956 
956 
956 
960 
961 
961 
963 
993 
995 
1026 
1029 
1034 
1042 
1043 
1043 
1043 
1043 
1044 
1045 
1049 
1050 
1050 
1050 
1050 
1050 
1050 
1050 
1050 
1050 
1050 
1050 
1051 
1055 
1059 
1063 
1092 
1092 
1092 
1093 
1093 
1093 
1122 
1122 
1152 
1181 
1181 
1181 
1181 
1191 
1191 
1191 
1191 
1191 
1191 
1191 
1191 
1191 
1197 
1197 
1197 
1197 
1203 
1206 
1214 
1215 
1245 
1246 
1246 
1247 
1247 
1247 
1248 
1248 
1277 
1277 
1307 
1307 
1311 
1312 
1341 
1370 
1399 
1428 
1457 
1458 
1459 
1461 
1461 
1461 
1461 
1466 
1466 
1466 
1466 
1466 
1466 
1467 
1468 
1497 
1497 
1497 
1497 
1497 
1497 
1497 
1502 
1504 
1514 
1544 
1573 
1578 
1583 
1591 
1591 
1591 
1593 
1597 
1601 
1605 
1609 
1613 
1613 
1613 
1613 
1613 
1643 
1649 
1656 
1661 
1661 
1664 
1668 
1668 
1668 
1670 
1672 
1701 
1701 
1701 
1706 
1706 
1735 
1735 
1735 
1735 
1735 
1739 
1739 
1742 
1743 
1748 
1750 
1750 
1750 

* info(gl)
1 
28 
29 
30 
31 
32 
33 
34 
34 
34 
35 
35 
39 
39 
39 
39 
39 
39 
39 
39 
41 
41 
41 
42 
44 
44 
44 
69 
69 
69 
69 
75 
75 
75 
76 
78 
78 
78 
78 
78 
78 
78 
78 
78 
78 
78 
78 
78 
78 
78 
78 
78 
78 
78 
78 
78 
78 
78 
78 
78 
78 
78 
78 
78 
78 
85 
85 
85 
92 
99 
106 
114 
114 
114 
114 
115 
115 
117 
120 
120 
120 
126 
127 
127 
131 
132 
132 
132 
153 
153 
154 
162 
162 
162 
162 
169 
175 
175 
175 
177 
177 
178 
178 
178 
184 
184 
185 
186 
192 
198 
204 
206 
208 
208 
210 
211 
211 
212 
214 
214 
214 
214 
214 
214 
214 
216 
217 
219 
219 
219 
219 
219 
219 
219 
219 
219 
219 
220 
220 
220 
220 
231 
232 
244 
245 
246 
247 
247 
247 
247 
247 
247 
248 
250 
250 
250 
250 
250 
250 
250 
250 
250 
250 
250 
250 
250 
252 
254 
256 
263 
263 
263 
263 
263 
263 
270 
270 
278 
284 
284 
284 
284 
286 
286 
286 
286 
286 
286 
286 
286 
286 
292 
292 
292 
292 
292 
292 
294 
294 
301 
301 
301 
301 
301 
301 
301 
301 
307 
307 
313 
313 
315 
315 
321 
327 
333 
339 
345 
345 
345 
346 
346 
346 
346 
347 
347 
347 
347 
347 
347 
348 
350 
356 
356 
356 
356 
356 
356 
356 
362 
363 
366 
376 
382 
388 
389 
390 
390 
390 
391 
393 
395 
397 
399 
401 
401 
401 
401 
401 
408 
408 
409 
409 
409 
410 
412 
412 
412 
413 
414 
420 
420 
420 
426 
426 
432 
432 
432 
432 
432 
434 
434 
435 
435 
441 
442 
442 

* info(gh)
27 
28 
29 
30 
31 
32 
33 
33 
33 
34 
34 
38 
38 
38 
38 
38 
38 
38 
38 
40 
40 
40 
41 
43 
43 
43 
68 
68 
68 
68 
74 
74 
74 
75 
77 
77 
77 
77 
77 
77 
77 
77 
77 
77 
77 
77 
77 
77 
77 
77 
77 
77 
77 
77 
77 
77 
77 
77 
77 
77 
77 
77 
77 
77 
84 
84 
84 
91 
98 
105 
113 
113 
113 
113 
114 
114 
116 
119 
119 
119 
125 
126 
126 
130 
131 
131 
131 
152 
152 
153 
161 
161 
161 
161 
168 
174 
174 
174 
176 
176 
177 
177 
177 
183 
183 
184 
185 
191 
197 
203 
205 
207 
207 
209 
210 
210 
211 
213 
213 
213 
213 
213 
213 
213 
215 
216 
218 
218 
218 
218 
218 
218 
218 
218 
218 
218 
219 
219 
219 
219 
230 
231 
243 
244 
245 
246 
246 
246 
246 
246 
246 
247 
249 
249 
249 
249 
249 
249 
249 
249 
249 
249 
249 
249 
249 
251 
253 
255 
262 
262 
262 
262 
262 
262 
269 
269 
277 
283 
283 
283 
283 
285 
285 
285 
285 
285 
285 
285 
285 
285 
291 
291 
291 
291 
291 
291 
293 
293 
300 
300 
300 
300 
300 
300 
300 
300 
306 
306 
312 
312 
314 
314 
320 
326 
332 
338 
344 
344 
344 
345 
345 
345 
345 
346 
346 
346 
346 
346 
346 
347 
349 
355 
355 
355 
355 
355 
355 
355 
361 
362 
365 
375 
381 
387 
388 
389 
389 
389 
390 
392 
394 
396 
398 
400 
400 
400 
400 
400 
407 
407 
408 
408 
408 
409 
411 
411 
411 
412 
413 
419 
419 
419 
425 
425 
431 
431 
431 
431 
431 
433 
433 
434 
434 
440 
441 
441 
441 

* rules
2 -2 
1 -2 
1 -2 
0 -2 
1 -5 
1 -5 
1 -6 
1 -6 
1 -7 
1 -7 
1 -8 
1 -8 
1 -9 
1 -9 
1 -10 
1 -10 
3 -11 
1 -11 
1 -3 
2 -3 
3 -12 
3 -16 
1 -16 
2 -13 
3 -17 
3 -19 
1 -14 
1 -14 
1 -21 
3 -21 
2 -20 
1 -20 
1 -23 
3 -23 
2 -4 
1 -4 
1 -22 
1 -22 
1 -22 
1 -22 
1 -22 
4 -26 
6 -26 
3 -30 
1 -30 
2 -27 
1 -31 
1 -31 
7 -32 
1 -32 
2 -28 
1 -29 
1 -34 
3 -34 
1 -34 
1 -35 
3 -35 
3 -37 
3 -36 
4 -36 
1 -38 
1 -38 
1 -38 
1 -38 
1 -38 
1 -38 
1 -15 
1 -15 
2 -15 
1 -15 
1 -24 
1 -24 
1 -24 
1 -24 
1 -24 
1 -24 
1 -24 
1 -24 
3 -25 
5 -25 
5 -25 
1 -46 
2 -46 
1 -47 
1 -47 
1 -47 
1 -47 
1 -47 
1 -47 
1 -47 
1 -47 
2 -39 
5 -39 
1 -48 
1 -48 
1 -49 
1 -49 
1 -50 
1 -50 
1 -50 
1 -50 
1 -50 
1 -50 
1 -50 
1 -50 
1 -50 
1 -50 
1 -50 
1 -50 
1 -50 
1 -50 
1 -50 
1 -50 
1 -50 
1 -33 
3 -33 
2 -33 
1 -33 
1 -51 
3 -51 
1 -52 
3 -52 
1 -53 
3 -53 
1 -53 
2 -53 
4 -53 
4 -53 
7 -53 
7 -53 
6 -53 
6 -53 
10 -53 
1 -53 
1 -55 
1 -55 
1 -55 
1 -55 
1 -55 
1 -55 
1 -55 
1 -55 
1 -55 
1 -55 
1 -54 
3 -54 
1 -18 
3 -18 
1 -56 
1 -57 
2 -58 
5 -40 
1 -59 
3 -59 
3 -60 
5 -61 
1 -61 
2 -41 
1 -62 
1 -63 
1 -64 
1 -65 
1 -66 
2 -67 
4 -42 
6 -43 
4 -44 
6 -45 
* end
* parser
* action table
286 5 
287 8 
338 9 
286 5 
0 -1 
0 0 
260 12 
339 13 
266 15 
267 16 
335 17 
260 26 
287 8 
293 27 
318 28 
322 29 
262 31 
267 32 
0 -50 
260 -50 
286 -50 
287 -50 
288 -50 
293 -50 
318 -50 
322 -50 
266 15 
267 16 
335 17 
288 -19 
288 34 
264 35 
325 36 
260 48 
261 49 
262 50 
270 51 
271 52 
283 53 
296 54 
297 55 
298 56 
299 57 
300 58 
301 59 
302 60 
303 61 
304 62 
305 63 
306 64 
307 65 
308 66 
309 67 
310 68 
311 69 
312 70 
313 71 
314 72 
315 73 
316 74 
317 75 
336 76 
337 77 
260 79 
341 80 
260 48 
261 49 
262 50 
270 51 
271 52 
283 53 
296 54 
297 55 
298 56 
299 57 
300 58 
301 59 
302 60 
303 61 
304 62 
305 63 
306 64 
307 65 
308 66 
309 67 
310 68 
311 69 
312 70 
313 71 
314 72 
315 73 
316 74 
317 75 
336 76 
337 77 
340 83 
266 84 
260 86 
260 26 
287 8 
293 27 
318 28 
322 29 
288 -18 
260 48 
261 49 
262 89 
270 51 
271 52 
296 54 
297 55 
298 56 
299 57 
300 58 
301 59 
302 60 
303 61 
304 62 
305 63 
306 64 
307 65 
308 66 
309 67 
310 68 
311 69 
312 70 
313 71 
314 72 
315 73 
316 74 
317 75 
336 76 
337 77 
260 90 
274 91 
263 -82 
265 -82 
266 -82 
267 -82 
270 -82 
271 -82 
272 -82 
273 -82 
275 -82 
276 -82 
277 -82 
278 -82 
279 -82 
280 -82 
285 -82 
288 -82 
294 -82 
295 -82 
319 -82 
320 -82 
321 -82 
329 -82 
332 -82 
335 -82 
272 93 
273 94 
263 -78 
265 -78 
266 -78 
267 -78 
270 -78 
271 -78 
275 -78 
276 -78 
277 -78 
278 -78 
279 -78 
280 -78 
285 -78 
288 -78 
294 -78 
295 -78 
319 -78 
320 -78 
321 -78 
329 -78 
332 -78 
335 -78 
262 95 
260 48 
261 49 
262 89 
296 54 
297 55 
298 56 
299 57 
300 58 
301 59 
302 60 
303 61 
304 62 
305 63 
306 64 
307 65 
308 66 
309 67 
310 68 
311 69 
312 70 
313 71 
314 72 
315 73 
316 74 
317 75 
337 77 
284 97 
263 -36 
285 -36 
294 -36 
321 -36 
329 -36 
285 98 
294 -35 
321 -35 
270 51 
271 52 
275 101 
276 102 
277 103 
278 104 
279 105 
280 106 
294 107 
262 108 
263 -88 
265 -88 
266 -88 
267 -88 
270 -88 
271 -88 
272 -88 
273 -88 
274 -88 
275 -88 
276 -88 
277 -88 
278 -88 
279 -88 
280 -88 
285 -88 
288 -88 
294 -88 
295 -88 
319 -88 
320 -88 
321 -88 
329 -88 
332 -88 
335 -88 
260 109 
263 -86 
265 -86 
266 -86 
267 -86 
270 -86 
271 -86 
272 -86 
273 -86 
274 -86 
275 -86 
276 -86 
277 -86 
278 -86 
279 -86 
280 -86 
285 -86 
288 -86 
294 -86 
295 -86 
319 -86 
320 -86 
321 -86 
329 -86 
332 -86 
335 -86 
260 48 
261 49 
262 89 
270 51 
271 52 
283 53 
296 54 
297 55 
298 56 
299 57 
300 58 
301 59 
302 60 
303 61 
304 62 
305 63 
306 64 
307 65 
308 66 
309 67 
310 68 
311 69 
312 70 
313 71 
314 72 
315 73 
316 74 
317 75 
336 76 
337 77 
262 112 
262 113 
262 114 
262 115 
262 116 
262 117 
264 118 
321 119 
263 122 
265 123 
329 124 
332 125 
270 51 
271 52 
266 -54 
267 -54 
288 -54 
295 -54 
335 -54 
260 48 
261 49 
262 89 
270 51 
271 52 
296 54 
297 55 
298 56 
299 57 
300 58 
301 59 
302 60 
303 61 
304 62 
305 63 
306 64 
307 65 
308 66 
309 67 
310 68 
311 69 
312 70 
313 71 
314 72 
315 73 
316 74 
317 75 
336 76 
337 77 
264 127 
260 48 
261 49 
262 89 
296 54 
297 55 
298 56 
299 57 
300 58 
301 59 
302 60 
303 61 
304 62 
305 63 
306 64 
307 65 
308 66 
309 67 
310 68 
311 69 
312 70 
313 71 
314 72 
315 73 
316 74 
317 75 
337 77 
260 48 
261 49 
262 89 
296 54 
297 55 
298 56 
299 57 
300 58 
301 59 
302 60 
303 61 
304 62 
305 63 
306 64 
307 65 
308 66 
309 67 
310 68 
311 69 
312 70 
313 71 
314 72 
315 73 
316 74 
317 75 
337 77 
260 48 
261 49 
262 89 
270 51 
271 52 
296 54 
297 55 
298 56 
299 57 
300 58 
301 59 
302 60 
303 61 
304 62 
305 63 
306 64 
307 65 
308 66 
309 67 
310 68 
311 69 
312 70 
313 71 
314 72 
315 73 
316 74 
317 75 
336 76 
337 77 
272 93 
273 94 
263 -80 
265 -80 
266 -80 
267 -80 
270 -80 
271 -80 
275 -80 
276 -80 
277 -80 
278 -80 
279 -80 
280 -80 
285 -80 
288 -80 
294 -80 
295 -80 
319 -80 
320 -80 
321 -80 
329 -80 
332 -80 
335 -80 
262 132 
262 132 
260 48 
261 49 
262 89 
296 54 
297 55 
298 56 
299 57 
300 58 
301 59 
302 60 
303 61 
304 62 
305 63 
306 64 
307 65 
308 66 
309 67 
310 68 
311 69 
312 70 
313 71 
314 72 
315 73 
316 74 
317 75 
337 77 
260 48 
261 49 
262 89 
270 51 
271 52 
296 54 
297 55 
298 56 
299 57 
300 58 
301 59 
302 60 
303 61 
304 62 
305 63 
306 64 
307 65 
308 66 
309 67 
310 68 
311 69 
312 70 
313 71 
314 72 
315 73 
316 74 
317 75 
336 76 
337 77 
260 26 
287 8 
293 27 
318 28 
322 29 
260 48 
261 49 
262 89 
270 51 
271 52 
296 54 
297 55 
298 56 
299 57 
300 58 
301 59 
302 60 
303 61 
304 62 
305 63 
306 64 
307 65 
308 66 
309 67 
310 68 
311 69 
312 70 
313 71 
314 72 
315 73 
316 74 
317 75 
336 76 
337 77 
263 122 
329 124 
263 122 
270 51 
271 52 
275 101 
276 102 
277 103 
278 104 
279 105 
280 106 
329 124 
260 48 
261 49 
262 50 
270 51 
271 52 
283 53 
296 54 
297 55 
298 56 
299 57 
300 58 
301 59 
302 60 
303 61 
304 62 
305 63 
306 64 
307 65 
308 66 
309 67 
310 68 
311 69 
312 70 
313 71 
314 72 
315 73 
316 74 
317 75 
336 76 
337 77 
260 143 
296 144 
297 145 
298 146 
299 147 
301 148 
304 149 
305 150 
306 151 
307 152 
260 143 
296 144 
297 145 
298 146 
299 147 
301 148 
304 149 
305 150 
306 151 
307 152 
260 48 
261 49 
262 89 
270 51 
271 52 
296 54 
297 55 
298 56 
299 57 
300 58 
301 59 
302 60 
303 61 
304 62 
305 63 
306 64 
307 65 
308 66 
309 67 
310 68 
311 69 
312 70 
313 71 
314 72 
315 73 
316 74 
317 75 
336 76 
337 77 
260 48 
261 49 
262 89 
270 51 
271 52 
296 54 
297 55 
298 56 
299 57 
300 58 
301 59 
302 60 
303 61 
304 62 
305 63 
306 64 
307 65 
308 66 
309 67 
310 68 
311 69 
312 70 
313 71 
314 72 
315 73 
316 74 
317 75 
336 76 
337 77 
260 48 
261 49 
262 89 
270 51 
271 52 
296 54 
297 55 
298 56 
299 57 
300 58 
301 59 
302 60 
303 61 
304 62 
305 63 
306 64 
307 65 
308 66 
309 67 
310 68 
311 69 
312 70 
313 71 
314 72 
315 73 
316 74 
317 75 
336 76 
337 77 
260 48 
261 49 
262 89 
270 51 
271 52 
296 54 
297 55 
298 56 
299 57 
300 58 
301 59 
302 60 
303 61 
304 62 
305 63 
306 64 
307 65 
308 66 
309 67 
310 68 
311 69 
312 70 
313 71 
314 72 
315 73 
316 74 
317 75 
336 76 
337 77 
260 26 
287 8 
293 27 
318 28 
322 29 
260 159 
263 122 
270 51 
271 52 
329 124 
260 48 
261 49 
262 89 
270 51 
271 52 
296 54 
297 55 
298 56 
299 57 
300 58 
301 59 
302 60 
303 61 
304 62 
305 63 
306 64 
307 65 
308 66 
309 67 
310 68 
311 69 
312 70 
313 71 
314 72 
315 73 
316 74 
317 75 
326 161 
336 76 
337 77 
274 91 
263 -83 
265 -83 
266 -83 
267 -83 
270 -83 
271 -83 
272 -83 
273 -83 
275 -83 
276 -83 
277 -83 
278 -83 
279 -83 
280 -83 
285 -83 
288 -83 
294 -83 
295 -83 
319 -83 
320 -83 
321 -83 
329 -83 
332 -83 
335 -83 
263 122 
270 51 
271 52 
329 124 
260 48 
261 49 
262 89 
270 51 
271 52 
283 53 
296 54 
297 55 
298 56 
299 57 
300 58 
301 59 
302 60 
303 61 
304 62 
305 63 
306 64 
307 65 
308 66 
309 67 
310 68 
311 69 
312 70 
313 71 
314 72 
315 73 
316 74 
317 75 
336 76 
337 77 
284 97 
263 -37 
285 -37 
294 -37 
321 -37 
329 -37 
272 93 
273 94 
263 -79 
265 -79 
266 -79 
267 -79 
270 -79 
271 -79 
275 -79 
276 -79 
277 -79 
278 -79 
279 -79 
280 -79 
285 -79 
288 -79 
294 -79 
295 -79 
319 -79 
320 -79 
321 -79 
329 -79 
332 -79 
335 -79 
270 51 
271 52 
263 -42 
285 -42 
294 -42 
321 -42 
329 -42 
295 163 
266 -25 
267 -25 
288 -25 
335 -25 
263 165 
265 123 
332 125 
270 51 
271 52 
263 -108 
265 -108 
332 -108 
263 122 
285 98 
329 124 
262 167 
262 168 
265 123 
270 51 
271 52 
332 125 
265 123 
270 51 
271 52 
332 125 
265 123 
270 51 
271 52 
332 125 
270 51 
271 52 
319 173 
320 174 
270 51 
271 52 
266 -55 
267 -55 
288 -55 
295 -55 
335 -55 
260 26 
287 8 
293 27 
318 28 
322 29 
260 48 
261 49 
262 89 
270 51 
271 52 
296 54 
297 55 
298 56 
299 57 
300 58 
301 59 
302 60 
303 61 
304 62 
305 63 
306 64 
307 65 
308 66 
309 67 
310 68 
311 69 
312 70 
313 71 
314 72 
315 73 
316 74 
317 75 
336 76 
337 77 
260 48 
261 49 
262 89 
270 51 
271 52 
296 54 
297 55 
298 56 
299 57 
300 58 
301 59 
302 60 
303 61 
304 62 
305 63 
306 64 
307 65 
308 66 
309 67 
310 68 
311 69 
312 70 
313 71 
314 72 
315 73 
316 74 
317 75 
336 76 
337 77 
260 48 
261 49 
262 89 
270 51 
271 52 
296 54 
297 55 
298 56 
299 57 
300 58 
301 59 
302 60 
303 61 
304 62 
305 63 
306 64 
307 65 
308 66 
309 67 
310 68 
311 69 
312 70 
313 71 
314 72 
315 73 
316 74 
317 75 
336 76 
337 77 
260 48 
261 49 
262 89 
270 51 
271 52 
296 54 
297 55 
298 56 
299 57 
300 58 
301 59 
302 60 
303 61 
304 62 
305 63 
306 64 
307 65 
308 66 
309 67 
310 68 
311 69 
312 70 
313 71 
314 72 
315 73 
316 74 
317 75 
336 76 
337 77 
260 48 
261 49 
262 89 
270 51 
271 52 
296 54 
297 55 
298 56 
299 57 
300 58 
301 59 
302 60 
303 61 
304 62 
305 63 
306 64 
307 65 
308 66 
309 67 
310 68 
311 69 
312 70 
313 71 
314 72 
315 73 
316 74 
317 75 
336 76 
337 77 
260 48 
261 49 
262 89 
270 51 
271 52 
296 54 
297 55 
298 56 
299 57 
300 58 
301 59 
302 60 
303 61 
304 62 
305 63 
306 64 
307 65 
308 66 
309 67 
310 68 
311 69 
312 70 
313 71 
314 72 
315 73 
316 74 
317 75 
336 76 
337 77 
260 48 
261 49 
262 89 
270 51 
271 52 
296 54 
297 55 
298 56 
299 57 
300 58 
301 59 
302 60 
303 61 
304 62 
305 63 
306 64 
307 65 
308 66 
309 67 
310 68 
311 69 
312 70 
313 71 
314 72 
315 73 
316 74 
317 75 
336 76 
337 77 
326 184 
270 51 
271 52 
263 -109 
265 -109 
332 -109 
263 122 
270 51 
271 52 
329 124 
263 122 
270 51 
271 52 
329 124 
265 123 
270 51 
271 52 
332 125 
263 122 
270 51 
271 52 
329 124 
263 122 
270 51 
271 52 
329 124 
270 51 
271 52 
321 190 
263 122 
329 124 
263 122 
329 124 
260 48 
261 49 
262 89 
270 51 
271 52 
296 54 
297 55 
298 56 
299 57 
300 58 
301 59 
302 60 
303 61 
304 62 
305 63 
306 64 
307 65 
308 66 
309 67 
310 68 
311 69 
312 70 
313 71 
314 72 
315 73 
316 74 
317 75 
336 76 
337 77 
260 26 
287 8 
293 27 
318 28 
322 29 
265 123 
270 51 
271 52 
332 125 
260 196 
263 122 
329 124 

* goto table
-7 1 
-6 2 
-3 3 
-2 4 
-13 6 
-8 7 
-7 1 
-6 10 
-10 11 
-9 14 
-20 18 
-19 19 
-18 20 
-17 21 
-16 22 
-15 23 
-14 24 
-13 25 
-11 30 
-9 33 
-37 37 
-36 38 
-35 39 
-34 40 
-32 41 
-29 42 
-28 43 
-27 44 
-26 45 
-25 46 
-21 47 
-24 78 
-37 37 
-36 38 
-35 39 
-34 40 
-32 41 
-29 42 
-28 43 
-27 44 
-26 45 
-25 46 
-22 81 
-21 82 
-12 85 
-20 18 
-19 19 
-18 20 
-17 21 
-16 87 
-13 25 
-37 37 
-36 38 
-35 39 
-34 40 
-32 41 
-25 88 
-33 92 
-37 37 
-36 38 
-35 96 
-34 40 
-32 99 
-30 100 
-37 37 
-36 38 
-35 39 
-34 40 
-32 41 
-28 110 
-25 111 
-5 120 
-4 121 
-32 99 
-37 37 
-36 38 
-35 39 
-34 40 
-32 41 
-25 126 
-37 128 
-34 40 
-37 37 
-36 129 
-34 40 
-37 37 
-36 38 
-35 39 
-34 40 
-32 41 
-25 130 
-33 92 
-29 131 
-29 42 
-27 133 
-37 37 
-36 38 
-35 134 
-34 40 
-37 37 
-36 38 
-35 39 
-34 40 
-32 41 
-25 135 
-20 18 
-19 19 
-18 20 
-17 21 
-16 136 
-13 25 
-38 137 
-37 37 
-36 38 
-35 39 
-34 40 
-32 41 
-25 138 
-4 139 
-32 99 
-30 100 
-4 140 
-37 37 
-36 38 
-35 39 
-34 40 
-32 41 
-29 42 
-28 43 
-27 44 
-26 141 
-25 46 
-39 142 
-39 153 
-37 37 
-36 38 
-35 39 
-34 40 
-32 41 
-25 154 
-37 37 
-36 38 
-35 39 
-34 40 
-32 41 
-25 155 
-37 37 
-36 38 
-35 39 
-34 40 
-32 41 
-25 156 
-37 37 
-36 38 
-35 39 
-34 40 
-32 41 
-25 157 
-20 18 
-19 19 
-18 20 
-17 21 
-16 158 
-13 25 
-32 99 
-4 140 
-37 37 
-36 38 
-35 39 
-34 40 
-32 41 
-25 160 
-32 99 
-4 162 
-37 37 
-36 38 
-35 39 
-34 40 
-32 41 
-28 110 
-25 46 
-33 92 
-32 99 
-5 164 
-32 99 
-4 166 
-32 99 
-5 169 
-32 99 
-5 170 
-32 99 
-5 171 
-32 99 
-23 172 
-32 99 
-31 175 
-20 18 
-19 19 
-18 20 
-17 21 
-16 176 
-13 25 
-37 37 
-36 38 
-35 39 
-34 40 
-32 41 
-25 177 
-37 37 
-36 38 
-35 39 
-34 40 
-32 41 
-25 178 
-37 37 
-36 38 
-35 39 
-34 40 
-32 41 
-25 179 
-37 37 
-36 38 
-35 39 
-34 40 
-32 41 
-25 180 
-37 37 
-36 38 
-35 39 
-34 40 
-32 41 
-25 181 
-37 37 
-36 38 
-35 39 
-34 40 
-32 41 
-25 182 
-37 37 
-36 38 
-35 39 
-34 40 
-32 41 
-25 183 
-32 99 
-32 99 
-4 185 
-32 99 
-4 186 
-32 99 
-5 187 
-32 99 
-4 188 
-32 99 
-4 189 
-32 99 
-4 191 
-4 192 
-37 37 
-36 38 
-35 39 
-34 40 
-32 41 
-25 193 
-20 18 
-19 19 
-18 20 
-17 21 
-16 194 
-13 25 
-32 99 
-5 195 
-4 197 

* info(d)
0 
0 
-6 
0 
0 
0 
-14 
0 
0 
-15 
-7 
-11 
0 
-10 
-8 
0 
-51 
-53 
-23 
-22 
-21 
-20 
-16 
0 
0 
-24 
0 
0 
0 
0 
0 
0 
-52 
0 
-13 
0 
0 
-84 
0 
0 
0 
0 
-39 
-38 
0 
0 
0 
0 
0 
0 
0 
-57 
-58 
0 
-61 
-62 
-63 
-64 
-65 
-66 
-67 
-68 
-69 
-70 
-71 
-72 
-73 
-74 
-75 
-76 
-77 
0 
0 
0 
0 
0 
-81 
-97 
-34 
0 
-33 
-29 
0 
-28 
-9 
0 
-110 
-17 
0 
0 
0 
0 
0 
-59 
-60 
0 
0 
0 
0 
0 
0 
-48 
-44 
-45 
-46 
-47 
-49 
0 
0 
-89 
0 
0 
0 
0 
0 
0 
0 
0 
0 
0 
0 
-12 
-2 
-4 
-3 
-5 
0 
0 
-85 
0 
0 
-40 
0 
0 
0 
0 
0 
0 
0 
-41 
-87 
0 
0 
-98 
-99 
-100 
-101 
-102 
-103 
-104 
-105 
-106 
-107 
0 
0 
0 
0 
0 
-27 
-111 
0 
0 
-90 
0 
0 
-91 
-43 
0 
0 
0 
0 
0 
0 
-30 
-31 
0 
-26 
0 
0 
0 
0 
0 
0 
0 
-56 
0 
0 
0 
-95 
-94 
0 
-92 
-93 
0 
-32 
0 
0 
-96 

* info(al)
1 
2 
4 
4 
6 
7 
9 
9 
12 
17 
17 
17 
17 
18 
18 
18 
27 
27 
27 
27 
27 
27 
27 
27 
31 
32 
32 
34 
64 
66 
97 
98 
99 
99 
105 
105 
134 
135 
135 
160 
184 
185 
211 
211 
211 
217 
220 
228 
229 
255 
281 
311 
311 
311 
312 
312 
312 
312 
312 
312 
312 
312 
312 
312 
312 
312 
312 
312 
312 
312 
312 
312 
313 
314 
315 
316 
317 
317 
317 
317 
318 
318 
318 
319 
319 
319 
323 
323 
323 
330 
359 
360 
386 
412 
412 
412 
441 
465 
466 
467 
493 
522 
522 
522 
522 
522 
522 
522 
527 
556 
556 
558 
568 
598 
608 
618 
647 
676 
705 
734 
739 
740 
740 
740 
740 
740 
740 
744 
774 
774 
799 
803 
803 
833 
839 
863 
870 
875 
878 
883 
883 
883 
886 
887 
887 
887 
887 
887 
887 
887 
887 
887 
887 
887 
888 
892 
896 
900 
904 
904 
904 
911 
911 
911 
916 
945 
945 
945 
974 
1003 
1032 
1061 
1090 
1119 
1119 
1119 
1120 
1120 
1125 
1129 
1133 
1137 
1141 
1145 
1148 
1148 
1150 
1152 
1181 
1181 
1181 
1186 
1186 
1186 
1190 
1190 
1191 
1193 

* info(ah)
1 
3 
3 
5 
6 
8 
8 
11 
16 
16 
16 
16 
17 
17 
17 
26 
26 
26 
26 
26 
26 
26 
26 
30 
31 
31 
33 
63 
65 
96 
97 
98 
98 
104 
104 
133 
134 
134 
159 
183 
184 
210 
210 
210 
216 
219 
227 
228 
254 
280 
310 
310 
310 
311 
311 
311 
311 
311 
311 
311 
311 
311 
311 
311 
311 
311 
311 
311 
311 
311 
311 
312 
313 
314 
315 
316 
316 
316 
316 
317 
317 
317 
318 
318 
318 
322 
322 
322 
329 
358 
359 
385 
411 
411 
411 
440 
464 
465 
466 
492 
521 
521 
521 
521 
521 
521 
521 
526 
555 
555 
557 
567 
597 
607 
617 
646 
675 
704 
733 
738 
739 
739 
739 
739 
739 
739 
743 
773 
773 
798 
802 
802 
832 
838 
862 
869 
874 
877 
882 
882 
882 
885 
886 
886 
886 
886 
886 
886 
886 
886 
886 
886 
886 
887 
891 
895 
899 
903 
903 
903 
910 
910 
910 
915 
944 
944 
944 
973 
1002 
1031 
1060 
1089 
1118 
1118 
1118 
1119 
1119 
1124 
1128 
1132 
1136 
1140 
1144 
1147 
1147 
1149 
1151 
1180 
1180 
1180 
1185 
1185 
1185 
1189 
1189 
1190 
1192 
1192 

* info(gl)
1 
5 
7 
7 
9 
9 
10 
10 
11 
19 
19 
19 
19 
20 
20 
20 
20 
20 
20 
20 
20 
20 
20 
20 
21 
21 
21 
21 
32 
33 
45 
45 
46 
46 
52 
52 
58 
58 
58 
58 
59 
59 
63 
63 
63 
63 
63 
65 
65 
65 
65 
72 
72 
72 
72 
72 
72 
72 
72 
72 
72 
72 
72 
72 
72 
72 
72 
72 
72 
72 
72 
72 
72 
72 
72 
72 
72 
72 
72 
72 
72 
72 
72 
72 
72 
72 
74 
74 
74 
75 
81 
81 
83 
86 
86 
86 
92 
93 
94 
96 
100 
106 
106 
106 
106 
106 
106 
106 
112 
119 
119 
120 
123 
133 
134 
135 
141 
147 
153 
159 
165 
165 
165 
165 
165 
165 
165 
167 
173 
173 
173 
175 
175 
182 
182 
183 
184 
184 
185 
186 
186 
186 
187 
187 
187 
187 
187 
187 
187 
187 
187 
187 
187 
187 
187 
189 
191 
193 
195 
195 
195 
196 
197 
197 
203 
209 
209 
209 
215 
221 
227 
233 
239 
245 
245 
245 
245 
245 
246 
248 
250 
252 
254 
256 
257 
257 
258 
259 
265 
265 
265 
271 
271 
271 
273 
273 
273 
274 

* info(gh)
4 
6 
6 
8 
8 
9 
9 
10 
18 
18 
18 
18 
19 
19 
19 
19 
19 
19 
19 
19 
19 
19 
19 
20 
20 
20 
20 
31 
32 
44 
44 
45 
45 
51 
51 
57 
57 
57 
57 
58 
58 
62 
62 
62 
62 
62 
64 
64 
64 
64 
71 
71 
71 
71 
71 
71 
71 
71 
71 
71 
71 
71 
71 
71 
71 
71 
71 
71 
71 
71 
71 
71 
71 
71 
71 
71 
71 
71 
71 
71 
71 
71 
71 
71 
71 
73 
73 
73 
74 
80 
80 
82 
85 
85 
85 
91 
92 
93 
95 
99 
105 
105 
105 
105 
105 
105 
105 
111 
118 
118 
119 
122 
132 
133 
134 
140 
146 
152 
158 
164 
164 
164 
164 
164 
164 
164 
166 
172 
172 
172 
174 
174 
181 
181 
182 
183 
183 
184 
185 
185 
185 
186 
186 
186 
186 
186 
186 
186 
186 
186 
186 
186 
186 
186 
188 
190 
192 
194 
194 
194 
195 
196 
196 
202 
208 
208 
208 
214 
220 
226 
232 
238 
244 
244 
244 
244 
244 
245 
247 
249 
251 
253 
255 
256 
256 
257 
258 
264 
264 
264 
270 
270 
270 
272 
272 
272 
273 
273 

* rules
1 -2 
1 -4 
1 -4 
1 -5 
1 -5 
1 -3 
2 -3 
3 -6 
3 -10 
1 -10 
2 -7 
3 -11 
3 -13 
1 -8 
1 -8 
1 -15 
3 -15 
2 -14 
1 -14 
1 -16 
1 -16 
1 -16 
1 -16 
1 -16 
4 -18 
6 -18 
3 -22 
1 -22 
2 -19 
1 -23 
1 -23 
7 -24 
1 -24 
2 -20 
1 -21 
1 -26 
3 -26 
1 -26 
1 -27 
3 -27 
3 -29 
3 -28 
4 -28 
1 -30 
1 -30 
1 -30 
1 -30 
1 -30 
1 -30 
1 -9 
1 -9 
2 -9 
1 -9 
3 -17 
5 -17 
7 -17 
1 -32 
1 -32 
1 -33 
1 -33 
1 -34 
1 -34 
1 -34 
1 -34 
1 -34 
1 -34 
1 -34 
1 -34 
1 -34 
1 -34 
1 -34 
1 -34 
1 -34 
1 -34 
1 -34 
1 -34 
1 -34 
1 -25 
3 -25 
2 -25 
1 -25 
1 -35 
3 -35 
1 -36 
3 -36 
1 -37 
3 -37 
1 -37 
2 -37 
4 -37 
4 -37 
7 -37 
7 -37 
6 -37 
6 -37 
10 -37 
1 -37 
1 -39 
1 -39 
1 -39 
1 -39 
1 -39 
1 -39 
1 -39 
1 -39 
1 -39 
1 -39 
1 -38 
3 -38 
1 -12 
3 -12 
* end
* parser
* action table
260 8 
261 9 
262 10 
270 11 
271 12 
296 13 
297 14 
298 15 
299 16 
301 17 
305 18 
307 19 
308 20 
336 21 
337 22 
344 23 
345 24 
346 25 
347 26 
348 27 
0 -2 
274 28 
0 -31 
263 -31 
265 -31 
270 -31 
271 -31 
272 -31 
273 -31 
329 -31 
272 30 
273 31 
0 -27 
263 -27 
265 -27 
270 -27 
271 -27 
329 -27 
262 32 
260 8 
261 9 
262 10 
296 13 
297 14 
298 15 
299 16 
301 17 
305 18 
307 19 
308 20 
337 22 
344 23 
345 24 
346 25 
347 26 
348 27 
270 11 
271 12 
0 -1 
0 0 
260 35 
0 -35 
263 -35 
265 -35 
270 -35 
271 -35 
272 -35 
273 -35 
274 -35 
329 -35 
260 8 
261 9 
262 10 
270 11 
271 12 
296 13 
297 14 
298 15 
299 16 
301 17 
305 18 
307 19 
308 20 
336 21 
337 22 
344 23 
345 24 
346 25 
347 26 
348 27 
262 37 
262 38 
262 39 
260 8 
261 9 
262 10 
296 13 
297 14 
298 15 
299 16 
301 17 
305 18 
307 19 
308 20 
337 22 
344 23 
345 24 
346 25 
347 26 
348 27 
260 8 
261 9 
262 10 
296 13 
297 14 
298 15 
299 16 
301 17 
305 18 
307 19 
308 20 
337 22 
344 23 
345 24 
346 25 
347 26 
348 27 
260 8 
261 9 
262 10 
270 11 
271 12 
296 13 
297 14 
298 15 
299 16 
301 17 
305 18 
307 19 
308 20 
336 21 
337 22 
344 23 
345 24 
346 25 
347 26 
348 27 
272 30 
273 31 
0 -29 
263 -29 
265 -29 
270 -29 
271 -29 
329 -29 
260 8 
261 9 
262 10 
296 13 
297 14 
298 15 
299 16 
301 17 
305 18 
307 19 
308 20 
337 22 
344 23 
345 24 
346 25 
347 26 
348 27 
263 45 
270 11 
271 12 
329 46 
260 8 
261 9 
262 10 
270 11 
271 12 
296 13 
297 14 
298 15 
299 16 
301 17 
305 18 
307 19 
308 20 
336 21 
337 22 
344 23 
345 24 
346 25 
347 26 
348 27 
260 8 
261 9 
262 10 
270 11 
271 12 
296 13 
297 14 
298 15 
299 16 
301 17 
305 18 
307 19 
308 20 
336 21 
337 22 
344 23 
345 24 
346 25 
347 26 
348 27 
260 8 
261 9 
262 10 
270 11 
271 12 
296 13 
297 14 
298 15 
299 16 
301 17 
305 18 
307 19 
308 20 
336 21 
337 22 
344 23 
345 24 
346 25 
347 26 
348 27 
274 28 
0 -32 
263 -32 
265 -32 
270 -32 
271 -32 
272 -32 
273 -32 
329 -32 
263 45 
270 11 
271 12 
329 46 
272 30 
273 31 
0 -28 
263 -28 
265 -28 
270 -28 
271 -28 
329 -28 
265 51 
270 11 
271 12 
265 52 
270 11 
271 12 
265 53 
270 11 
271 12 
260 8 
261 9 
262 10 
270 11 
271 12 
296 13 
297 14 
298 15 
299 16 
301 17 
305 18 
307 19 
308 20 
336 21 
337 22 
344 23 
345 24 
346 25 
347 26 
348 27 
260 8 
261 9 
262 10 
270 11 
271 12 
296 13 
297 14 
298 15 
299 16 
301 17 
305 18 
307 19 
308 20 
336 21 
337 22 
344 23 
345 24 
346 25 
347 26 
348 27 
260 8 
261 9 
262 10 
270 11 
271 12 
296 13 
297 14 
298 15 
299 16 
301 17 
305 18 
307 19 
308 20 
336 21 
337 22 
344 23 
345 24 
346 25 
347 26 
348 27 
263 45 
270 11 
271 12 
329 46 
263 45 
270 11 
271 12 
329 46 
265 59 
270 11 
271 12 
260 8 
261 9 
262 10 
270 11 
271 12 
296 13 
297 14 
298 15 
299 16 
301 17 
305 18 
307 19 
308 20 
336 21 
337 22 
344 23 
345 24 
346 25 
347 26 
348 27 
263 45 
270 11 
271 12 
329 46 

* goto table
-13 1 
-12 2 
-11 3 
-10 4 
-8 5 
-3 6 
-2 7 
-9 29 
-13 1 
-12 2 
-11 33 
-10 4 
-8 34 
-13 1 
-12 2 
-11 3 
-10 4 
-8 5 
-3 36 
-13 40 
-10 4 
-13 1 
-12 41 
-10 4 
-13 1 
-12 2 
-11 3 
-10 4 
-8 5 
-3 42 
-9 29 
-13 1 
-12 2 
-11 43 
-10 4 
-8 34 
-5 44 
-13 1 
-12 2 
-11 3 
-10 4 
-8 5 
-3 47 
-13 1 
-12 2 
-11 3 
-10 4 
-8 5 
-3 48 
-13 1 
-12 2 
-11 3 
-10 4 
-8 5 
-3 49 
-8 34 
-5 50 
-9 29 
-8 34 
-8 34 
-8 34 
-13 1 
-12 2 
-11 3 
-10 4 
-8 5 
-3 54 
-13 1 
-12 2 
-11 3 
-10 4 
-8 5 
-3 55 
-13 1 
-12 2 
-11 3 
-10 4 
-8 5 
-3 56 
-8 34 
-5 57 
-8 34 
-5 58 
-8 34 
-13 1 
-12 2 
-11 3 
-10 4 
-8 5 
-3 60 
-8 34 
-5 61 

* info(d)
0 
-33 
0 
0 
0 
0 
0 
0 
-37 
0 
0 
-13 
-14 
-17 
-18 
-19 
-20 
-21 
-24 
-25 
-26 
-30 
-43 
-22 
-23 
0 
0 
0 
0 
0 
-15 
-16 
0 
0 
0 
-38 
0 
0 
0 
0 
-34 
0 
0 
0 
-36 
-5 
-6 
0 
0 
0 
-39 
0 
0 
0 
0 
0 
0 
-40 
-41 
0 
0 
-42 

* info(al)
1 
22 
22 
31 
39 
40 
57 
60 
61 
61 
71 
91 
91 
91 
91 
91 
91 
91 
91 
91 
91 
91 
91 
91 
91 
91 
92 
93 
94 
111 
128 
128 
128 
148 
156 
173 
173 
177 
197 
217 
237 
237 
246 
250 
258 
258 
258 
258 
261 
264 
267 
267 
287 
307 
327 
331 
335 
338 
338 
338 
358 
362 

* info(ah)
21 
21 
30 
38 
39 
56 
59 
60 
60 
70 
90 
90 
90 
90 
90 
90 
90 
90 
90 
90 
90 
90 
90 
90 
90 
91 
92 
93 
110 
127 
127 
127 
147 
155 
172 
172 
176 
196 
216 
236 
236 
245 
249 
257 
257 
257 
257 
260 
263 
266 
266 
286 
306 
326 
330 
334 
337 
337 
337 
357 
361 
361 

* info(gl)
1 
8 
8 
8 
9 
9 
13 
14 
14 
14 
14 
20 
20 
20 
20 
20 
20 
20 
20 
20 
20 
20 
20 
20 
20 
20 
20 
20 
20 
22 
25 
25 
25 
31 
32 
36 
36 
38 
44 
50 
56 
56 
56 
58 
59 
59 
59 
59 
60 
61 
62 
62 
68 
74 
80 
82 
84 
85 
85 
85 
91 
93 

* info(gh)
7 
7 
7 
8 
8 
12 
13 
13 
13 
13 
19 
19 
19 
19 
19 
19 
19 
19 
19 
19 
19 
19 
19 
19 
19 
19 
19 
19 
21 
24 
24 
24 
30 
31 
35 
35 
37 
43 
49 
55 
55 
55 
57 
58 
58 
58 
58 
59 
60 
61 
61 
67 
73 
79 
81 
83 
84 
84 
84 
90 
92 
92 

* rules
1 -2 
0 -2 
1 -4 
1 -4 
1 -5 
1 -5 
1 -6 
1 -6 
1 -7 
1 -7 
2 -7 
1 -7 
1 -8 
1 -8 
1 -9 
1 -9 
1 -10 
1 -10 
1 -10 
1 -10 
1 -10 
1 -10 
1 -10 
1 -10 
1 -10 
1 -10 
1 -3 
3 -3 
2 -3 
1 -3 
1 -11 
3 -11 
1 -12 
3 -12 
1 -13 
3 -13 
1 -13 
2 -13 
4 -13 
6 -13 
6 -13 
8 -13 
1 -13 
* end
* parser
* action table
260 10 
261 11 
262 12 
270 13 
271 14 
296 15 
297 16 
298 17 
299 18 
301 19 
305 20 
307 21 
308 22 
344 23 
345 24 
346 25 
347 26 
348 27 
0 -2 
262 28 
260 10 
261 11 
262 12 
296 15 
297 16 
298 17 
299 18 
301 19 
305 20 
307 21 
308 22 
344 23 
345 24 
346 25 
347 26 
348 27 
260 10 
0 -29 
263 -29 
265 -29 
270 -29 
271 -29 
272 -29 
273 -29 
274 -29 
0 0 
270 13 
271 14 
0 -1 
272 33 
273 34 
0 -22 
263 -22 
265 -22 
270 -22 
271 -22 
274 35 
0 -25 
263 -25 
265 -25 
270 -25 
271 -25 
272 -25 
273 -25 
260 10 
261 11 
262 12 
270 13 
271 14 
296 15 
297 16 
298 17 
299 18 
301 19 
305 20 
307 21 
308 22 
344 23 
345 24 
346 25 
347 26 
348 27 
262 37 
262 38 
262 39 
260 10 
261 11 
262 12 
270 13 
271 14 
296 15 
297 16 
298 17 
299 18 
301 19 
305 20 
307 21 
308 22 
344 23 
345 24 
346 25 
347 26 
348 27 
272 33 
273 34 
0 -24 
263 -24 
265 -24 
270 -24 
271 -24 
260 10 
261 11 
262 12 
296 15 
297 16 
298 17 
299 18 
301 19 
305 20 
307 21 
308 22 
344 23 
345 24 
346 25 
347 26 
348 27 
260 10 
261 11 
262 12 
296 15 
297 16 
298 17 
299 18 
301 19 
305 20 
307 21 
308 22 
344 23 
345 24 
346 25 
347 26 
348 27 
260 10 
261 11 
262 12 
296 15 
297 16 
298 17 
299 18 
301 19 
305 20 
307 21 
308 22 
344 23 
345 24 
346 25 
347 26 
348 27 
263 44 
270 13 
271 14 
260 10 
261 11 
262 12 
270 13 
271 14 
296 15 
297 16 
298 17 
299 18 
301 19 
305 20 
307 21 
308 22 
344 23 
345 24 
346 25 
347 26 
348 27 
260 10 
261 11 
262 12 
270 13 
271 14 
296 15 
297 16 
298 17 
299 18 
301 19 
305 20 
307 21 
308 22 
344 23 
345 24 
346 25 
347 26 
348 27 
260 10 
261 11 
262 12 
270 13 
271 14 
296 15 
297 16 
298 17 
299 18 
301 19 
305 20 
307 21 
308 22 
344 23 
345 24 
346 25 
347 26 
348 27 
263 48 
270 13 
271 14 
272 33 
273 34 
0 -23 
263 -23 
265 -23 
270 -23 
271 -23 
274 35 
0 -26 
263 -26 
265 -26 
270 -26 
271 -26 
272 -26 
273 -26 
265 49 
270 13 
271 14 
265 50 
270 13 
271 14 
265 51 
270 13 
271 14 
260 10 
261 11 
262 12 
270 13 
271 14 
296 15 
297 16 
298 17 
299 18 
301 19 
305 20 
307 21 
308 22 
344 23 
345 24 
346 25 
347 26 
348 27 
260 10 
261 11 
262 12 
270 13 
271 14 
296 15 
297 16 
298 17 
299 18 
301 19 
305 20 
307 21 
308 22 
344 23 
345 24 
346 25 
347 26 
348 27 
260 10 
261 11 
262 12 
270 13 
271 14 
296 15 
297 16 
298 17 
299 18 
301 19 
305 20 
307 21 
308 22 
344 23 
345 24 
346 25 
347 26 
348 27 
263 55 
270 13 
271 14 
263 56 
270 13 
271 14 
265 57 
270 13 
271 14 
260 10 
261 11 
262 12 
270 13 
271 14 
296 15 
297 16 
298 17 
299 18 
301 19 
305 20 
307 21 
308 22 
344 23 
345 24 
346 25 
347 26 
348 27 
263 59 
270 13 
271 14 

* goto table
-12 1 
-10 2 
-8 3 
-7 4 
-6 5 
-5 6 
-4 7 
-3 8 
-2 9 
-12 1 
-8 3 
-7 4 
-4 29 
-3 8 
-2 9 
-7 30 
-10 31 
-9 32 
-12 1 
-10 2 
-8 3 
-7 4 
-5 36 
-4 7 
-3 8 
-2 9 
-12 1 
-10 2 
-8 3 
-7 4 
-5 40 
-4 7 
-3 8 
-2 9 
-9 32 
-12 1 
-8 3 
-7 4 
-4 41 
-3 8 
-2 9 
-12 1 
-8 3 
-7 4 
-3 42 
-2 9 
-12 1 
-8 3 
-7 4 
-2 43 
-10 31 
-12 1 
-10 2 
-8 3 
-7 4 
-5 45 
-4 7 
-3 8 
-2 9 
-12 1 
-10 2 
-8 3 
-7 4 
-5 46 
-4 7 
-3 8 
-2 9 
-12 1 
-10 2 
-8 3 
-7 4 
-5 47 
-4 7 
-3 8 
-2 9 
-10 31 
-9 32 
-10 31 
-10 31 
-10 31 
-12 1 
-10 2 
-8 3 
-7 4 
-5 52 
-4 7 
-3 8 
-2 9 
-12 1 
-10 2 
-8 3 
-7 4 
-5 53 
-4 7 
-3 8 
-2 9 
-12 1 
-10 2 
-8 3 
-7 4 
-5 54 
-4 7 
-3 8 
-2 9 
-10 31 
-10 31 
-10 31 
-12 1 
-10 2 
-8 3 
-7 4 
-5 58 
-4 7 
-3 8 
-2 9 
-10 31 

* info(d)
0 
0 
0 
0 
-31 
0 
0 
0 
0 
-27 
-3 
-4 
0 
-8 
-9 
-12 
-13 
-14 
-15 
-16 
-19 
-20 
-21 
-17 
-18 
0 
0 
0 
0 
0 
-32 
0 
0 
-10 
-11 
0 
0 
0 
0 
0 
0 
0 
0 
-28 
-30 
0 
0 
0 
-33 
0 
0 
0 
0 
0 
0 
-34 
-35 
0 
0 
-36 

* info(al)
1 
20 
21 
37 
46 
46 
47 
50 
57 
65 
65 
65 
65 
83 
83 
83 
83 
83 
83 
83 
83 
83 
83 
83 
83 
83 
84 
85 
86 
104 
111 
111 
127 
143 
143 
143 
159 
162 
180 
198 
216 
219 
226 
234 
234 
234 
237 
240 
243 
243 
261 
279 
297 
300 
303 
306 
306 
306 
324 
327 

* info(ah)
19 
20 
36 
45 
45 
46 
49 
56 
64 
64 
64 
64 
82 
82 
82 
82 
82 
82 
82 
82 
82 
82 
82 
82 
82 
83 
84 
85 
103 
110 
110 
126 
142 
142 
142 
158 
161 
179 
197 
215 
218 
225 
233 
233 
233 
236 
239 
242 
242 
260 
278 
296 
299 
302 
305 
305 
305 
323 
326 
326 

* info(gl)
1 
10 
10 
16 
17 
17 
17 
18 
19 
19 
19 
19 
19 
27 
27 
27 
27 
27 
27 
27 
27 
27 
27 
27 
27 
27 
27 
27 
27 
35 
36 
36 
42 
47 
47 
47 
51 
52 
60 
68 
76 
77 
78 
78 
78 
78 
79 
80 
81 
81 
89 
97 
105 
106 
107 
108 
108 
108 
116 
117 

* info(gh)
9 
9 
15 
16 
16 
16 
17 
18 
18 
18 
18 
18 
26 
26 
26 
26 
26 
26 
26 
26 
26 
26 
26 
26 
26 
26 
26 
26 
34 
35 
35 
41 
46 
46 
46 
50 
51 
59 
67 
75 
76 
77 
77 
77 
77 
78 
79 
80 
80 
88 
96 
104 
105 
106 
107 
107 
107 
115 
116 
116 

* rules
1 -6 
0 -6 
1 -7 
1 -8 
1 -13 
1 -13 
2 -13 
1 -10 
1 -10 
1 -9 
1 -9 
1 -12 
1 -12 
1 -12 
1 -12 
1 -12 
1 -12 
1 -12 
1 -12 
1 -12 
1 -12 
1 -5 
3 -5 
2 -5 
1 -4 
3 -4 
1 -3 
3 -3 
1 -2 
3 -2 
1 -2 
2 -2 
4 -2 
6 -2 
6 -2 
8 -2 
* end
